t	x	v	state	E_total
0	0	0	1	0
0.1	-0.0107796	0.0273014	1	0.0677454
0.2	-0.0103627	-0.307828	1	0.112146
0.3	-0.00270819	-0.221202	1	0.0413912
0.4	-0.00380056	-0.0769948	1	0.0267176
0.5	-0.00744124	-0.0785796	1	0.0495951
0.6	-0.010839	0.0685037	1	0.0700901
0.7	-0.00404838	-0.359219	1	0.0898217
0.8	0.00300156	-0.0527084	1	0.0764281
0.9	-0.00177277	-0.177442	1	0.0268227
1	-0.00191412	-0.178753	1	0.0279395
1.1	-0.00693403	-0.428618	1	0.135194
1.2	-0.0452518	-0.140469	1	0.29269
1.3	-0.0504449	0.171186	1	0.329933
1.4	0.0128209	0.974394	1	0.795243
1.5	-0.000505548	-1.35892	1	0.926494
1.6	-0.0980672	-0.573503	1	0.777373
1.7	-0.150641	-0.121684	1	0.948908
1.8	-0.137784	0.431651	1	0.954312
1.9	-0.0855368	0.754874	1	0.819522
2	-0.00363793	0.707447	1	0.272978
2.1	-0.0154921	0.0146263	1	0.0969327
2.2	0.00337761	-0.224537	1	0.109649
2.3	0.00360208	0.0546316	1	0.0915443
2.4	-0.0276977	0.0131633	1	0.173197
2.5	-0.0328755	0.159145	1	0.218135
2.6	0.0047705	-0.537631	1	0.263786
2.7	-0.00744582	0.180081	1	0.0627509
2.8	-0.0118335	-0.473096	1	0.185869
2.9	-0.0385522	0.16041	1	0.253817
3	0.00938013	-0.0137172	1	0.234597
3.1	-0.0159685	-0.00370051	1	0.0998101
3.2	-0.00305457	-0.621634	1	0.212305
3.3	-0.0417256	-0.183113	1	0.27755
3.4	-0.0606075	-0.167491	1	0.392824
3.5	-0.0402196	0.692258	1	0.490983
3.6	0.014944	-0.350454	1	0.435009
3.7	-0.0273347	-0.0892182	1	0.174822
3.8	0.00463148	0.654771	1	0.33015
3.9	-0.025721	-0.468102	1	0.270316
4	-0.043208	0.509385	1	0.399787
4.1	0.0218225	-0.0612547	1	0.54744
4.2	-0.0312589	-0.179857	1	0.211543
4.3	-0.0399299	0.336003	1	0.306011
4.4	0.0123921	0.305628	1	0.356508
4.5	-0.0424135	-0.48306	1	0.381758
4.6	-0.0513068	0.122736	1	0.328199
4.7	-0.0159247	0.97315	1	0.573039
4.8	0.0174003	-0.800518	1	0.755421
4.9	-0.0534799	-0.459941	1	0.440022
5	-0.0440212	0.35121	1	0.336807
5.1	0.0262554	0.665691	1	0.877957
5.2	-0.0201616	-1.47349	1	1.2116
5.3	-0.100868	0.0909551	1	0.634564
5.4	-0.0757839	0.512417	1	0.604935
5.5	0.000151336	0.641668	1	0.209652
5.6	-0.0211539	-0.416512	1	0.218953
5.7	-0.0552674	0.0452923	1	0.346447
5.8	-0.0171384	0.663295	1	0.327095
5.9	0.0112002	-0.909256	1	0.693378
6	-0.0689309	-0.113054	1	0.437209
6.1	-0.0403559	0.839386	1	0.604509
6.2	0.0218343	-0.382227	1	0.618907
6.3	-0.0605547	-0.342409	1	0.437089
6.4	-0.078698	-0.0279714	1	0.492254
6.5	-0.0429959	0.849162	1	0.629263
6.6	0.0148295	-0.0641618	1	0.372795
6.7	-0.0502373	-0.600155	1	0.494077
6.8	-0.0949922	-0.311558	1	0.642235
6.9	-0.0901217	0.286279	1	0.604238
7	-0.0253722	1.07162	1	0.732759
7.1	0.0209189	-0.753052	1	0.806515
7.2	-0.0783149	-0.665161	1	0.710688
7.3	-0.133333	-0.258256	1	0.866679
7.4	-0.102855	0.634178	1	0.843934
7.5	0.00592934	1.59046	1	1.41302
7.6	0.0397972	-1.0581	1	1.55472
7.7	-0.10652	-1.09499	1	1.26525
7.8	-0.177616	-0.118752	1	1.11715
7.9	-0.192384	-0.294342	1	1.24572
8	-0.185264	0.622164	1	1.35144
8.1	-0.101503	1.16464	1	1.31259
8.2	0.0445561	1.07248	1	1.68901
8.3	0.0153146	-1.92473	1	2.23516
8.4	-0.16101	-1.40449	1	1.99261
8.5	-0.277048	-1.05906	1	2.29235
8.6	-0.33677	-0.359353	1	2.16938
8.7	-0.346256	0.0821198	1	2.16747
8.8	-0.287543	0.773344	1	2.09617
8.9	-0.177813	1.34957	1	2.022
9	-0.0139789	1.54758	1	1.28487
9.1	0.0320477	-0.820013	1	1.1374
9.2	-0.0905649	-0.858816	1	0.934813
9.3	-0.102927	0.601739	1	0.824337
9.4	0.00136432	1.29054	1	0.866855
9.5	-0.0151774	-1.12472	1	0.727359
9.6	-0.112566	-1.20266	1	1.42673
9.7	-0.198959	-0.49041	1	1.36375
9.8	-0.208902	0.201153	1	1.32587
9.9	-0.142576	1.10893	1	1.50597
10	-0.000618973	1.98832	1	1.98058
10.1	0.0934958	-0.219834	1	2.36156
10.2	-0.036075	-1.61013	1	1.52173
10.3	-0.189727	-1.15921	1	1.85767
10.4	-0.288508	-0.705041	1	2.05171
10.5	-0.333454	0.0809689	1	2.08737
10.6	-0.271627	1.1252	1	2.33071
10.7	-0.142871	1.20755	1	1.62203
10.8	0.052563	1.80063	1	2.93522
10.9	0.128118	-0.396901	1	3.28172
11	-0.018951	-2.3414	1	2.85952
11.1	-0.2272	-1.70657	1	2.8762
11.2	-0.352743	-0.739197	1	2.47785
11.3	-0.403162	-0.21729	1	2.54337
11.4	-0.409857	0.303555	1	2.60768
11.5	-0.33021	1.20069	1	2.78465
11.6	-0.190768	1.78064	1	2.77763
11.7	0.00891942	2.01122	1	2.24549
11.8	0.102322	-0.0557792	1	2.5596
11.9	-0.0357611	-2.25088	1	2.75674
12	-0.235669	-1.69197	1	2.90432
12.1	-0.35843	-0.700859	1	2.48579
12.2	-0.382795	0.257475	1	2.42561
12.3	-0.305195	0.887152	1	2.30099
12.4	-0.204386	1.28735	1	2.10604
12.5	-0.0421752	1.81677	1	1.91393
12.6	0.0859697	-0.0771556	1	2.15222
12.7	-0.0527057	-2.21407	1	2.78047
12.8	-0.265683	-1.8336	1	3.34156
12.9	-0.408823	-0.859729	1	2.92471
13	-0.439383	-0.106347	1	2.7518
13.1	-0.426627	0.52983	1	2.80678
13.2	-0.36002	0.936531	1	2.68867
13.3	-0.232441	1.75944	1	3.00057
13.4	-0.0076807	2.70844	1	3.71583
13.5	0.146326	0.412628	1	3.74327
13.6	0.0719743	-2.05943	1	3.91998
13.7	-0.183446	-2.37102	1	3.9574
13.8	-0.362364	-1.22976	1	3.02093
13.9	-0.422696	-0.0574558	1	2.6435
14	-0.388423	0.469152	1	2.5377
14.1	-0.32789	0.771149	1	2.34664
14.2	-0.212253	1.49663	1	2.44653
14.3	-0.0108731	2.53213	1	3.27381
14.4	0.174197	0.689946	1	4.59294
14.5	0.154691	-1.33915	1	4.76394
14.6	-0.0780651	-2.90445	1	4.70582
14.7	-0.323775	-2.1395	1	4.31233
14.8	-0.531104	-1.84852	1	5.02791
14.9	-0.67721	-1.06044	1	4.79483
15	-0.746031	-0.392263	1	4.73963
15.1	-0.735197	0.397692	1	4.67406
15.2	-0.669789	0.844289	1	4.54259
15.3	-0.553678	1.41163	1	4.45683
15.4	-0.370796	1.86755	1	4.06134
15.5	-0.16651	2.31224	1	3.7139
15.6	0.069572	1.68739	1	3.16293
15.7	0.104199	-1.14196	1	3.257
15.8	-0.110439	-2.61834	1	4.1181
15.9	-0.321155	-1.85246	1	3.72302
16	-0.48615	-1.54606	1	4.23359
16.1	-0.577234	-0.486812	1	3.72621
16.2	-0.594777	0.0661053	1	3.71954
16.3	-0.513716	1.37271	1	4.15289
16.4	-0.326952	2.16896	1	4.39564
16.5	-0.107513	2.03614	1	2.74489
16.6	0.10347	1.31421	1	3.45032
16.7	0.123995	-1.09429	1	3.6986
16.8	-0.0783782	-2.36544	1	3.28753
16.9	-0.291054	-1.95378	1	3.72771
17	-0.45865	-1.72271	1	4.35042
17.1	-0.625712	-1.4981	1	5.03285
17.2	-0.755433	-1.00211	1	5.22357
17.3	-0.883227	-2.3059	1	5.57792
17.4	-1.16621	-2.66223	1	4.58256
17.5	-1.37165	-1.49639	1	3.44239
17.6	-1.45391	-0.221619	1	2.86148
17.7	-1.46979	-0.098217	1	2.94103
17.8	-1.49236	-0.209462	1	3.09917
17.9	-1.50678	0.107594	1	3.17318
18	-1.46255	0.695801	1	3.13304
18.1	-1.37705	0.934888	1	2.7936
18.2	-1.24193	1.71459	1	2.98197
18.3	-1.05198	2.17873	1	2.69833
18.4	-0.9043	-0.0309642	1	2.39299
18.5	-1.03802	-2.3194	1	2.92743
18.6	-1.2528	-1.84811	1	3.28774
18.7	-1.39128	-0.991691	1	2.9372
18.8	-1.44298	-0.0465215	1	2.76971
18.9	-1.43697	0.218952	1	2.75503
19	-1.39214	0.925296	1	2.87894
19.1	-1.23664	2.25016	1	4.01059
19.2	-0.954903	3.10986	1	5.96304
19.3	-0.825077	-0.266341	1	4.40854
19.4	-0.979262	-2.63274	1	3.98411
19.5	-1.24622	-2.24275	1	4.05381
19.6	-1.44634	-1.75695	1	4.33305
19.7	-1.57086	-1.01535	1	4.08336
19.8	-1.65089	-0.453166	1	4.17077
19.9	-1.64448	0.38054	1	4.10042
20	-1.5715	1.1735	1	4.26041
20.1	-1.43393	1.58261	1	3.96441
20.2	-1.24227	2.25108	1	4.04789
20.3	-1.01447	2.50442	1	3.22653
20.4	-0.873905	0.0278182	1	3.15277
20.5	-1.01443	-2.61458	1	3.50821
20.6	-1.2618	-2.09557	1	3.83198
20.7	-1.4503	-1.47094	1	3.89622
20.8	-1.5557	-0.523439	1	3.6101
20.9	-1.60521	-0.243317	1	3.81217
21	-1.58827	0.604226	1	3.85926
21.1	-1.48232	1.62945	1	4.34207
21.2	-1.31124	1.95157	1	3.84955
21.3	-1.06667	2.91829	1	4.6749
21.4	-0.837254	1.13581	1	4.71369
21.5	-0.850163	-1.49898	1	4.86939
21.6	-1.11512	-3.06818	1	5.42634
21.7	-1.41466	-2.97853	1	7.02747
21.8	-1.66927	-2.30422	1	6.83768
21.9	-1.88913	-2.96613	1	7.17069
22	-2.22952	-2.93336	1	5.73678
22.1	-2.46912	-1.79399	1	4.5412
22.2	-2.59529	-0.711469	1	3.97364
22.3	-2.64672	-0.332967	1	4.09744
22.4	-2.63049	0.358773	1	4.00493
22.5	-2.54891	1.04081	1	3.97232
22.6	-2.40127	1.49333	1	3.62298
22.7	-2.22804	1.89711	1	3.22474
22.8	-2.01456	2.39582	1	2.96096
22.9	-1.89394	-0.141928	1	2.66154
23	-2.03186	-2.36181	1	2.98823
23.1	-2.22017	-1.63914	1	2.71946
23.2	-2.33474	-0.702568	1	2.33895
23.3	-2.37464	-0.159163	1	2.35414
23.4	-2.3897	0.142233	1	2.44571
23.5	-2.3503	0.597533	1	2.3679
23.6	-2.23626	1.45814	1	2.53971
23.7	-2.04308	2.08582	1	2.44455
23.8	-1.92279	0.032784	1	1.9309
23.9	-2.02018	-1.83781	1	1.81491
24	-2.1898	-1.36828	1	2.12232
24.1	-2.30554	-0.744481	1	2.18673
24.2	-2.32365	0.333291	1	2.07833
24.3	-2.2547	0.983143	1	2.07519
24.4	-2.13436	1.45086	1	1.89225
24.5	-1.9714	1.45175	1	1.76872
24.6	-1.9963	-1.67674	1	1.49825
24.7	-2.13467	-0.659554	1	1.05916
24.8	-2.1722	0.178413	1	1.09216
24.9	-2.1242	0.743543	1	1.05271
25	-2.0144	1.44693	1	1.13683
25.1	-1.86649	1.76699	0	1.56113
25.2	-1.65913	2.31448	0	2.6784
25.3	-1.42212	2.34465	0	2.74869
25.4	-1.1923	2.40886	0	2.9013
25.5	-0.96765	2.22583	0	2.47715
25.6	-0.716778	2.36081	0	2.78671
25.7	-0.491668	2.30331	0	2.65262
25.8	-0.248125	2.4238	0	2.93741
25.9	-0.0199381	2.32582	0	2.70471
26	0.203021	2.09346	0	2.19128
26.1	0.405529	1.87395	0	1.75585
26.2	0.611002	2.13057	0	2.26967
26.3	0.805381	1.80316	0	1.6257
26.4	1.01309	2.39342	0	2.86424
26.5	1.23084	1.85776	0	1.72563
26.6	1.38572	1.54358	0	1.19132
26.7	1.55186	1.67694	0	1.40606
26.8	1.7632	2.03431	0	2.06921
26.9	1.95225	1.87898	0	1.76528
27	2.14731	1.79474	0	1.61055
27.1	2.33414	1.75728	0	1.54402
27.2	2.4817	1.2314	0	0.758169
27.3	2.61625	1.56333	0	1.222
27.4	2.79909	1.87911	0	1.76552
27.5	3.00124	1.79638	0	1.61348
27.6	3.15927	1.44938	0	1.05035
27.7	3.31248	1.57069	0	1.23353
27.8	3.48562	2.01788	0	2.03592
27.9	3.66873	1.4002	0	0.980285
28	3.78185	0.945649	0	0.447126
28.1	3.87721	1.06033	0	0.562151
28.2	4.01356	1.57503	0	1.24036
28.3	4.18448	1.77747	0	1.57969
28.4	4.32081	1.15411	0	0.665987
28.5	4.43659	1.26616	0	0.801581
28.6	4.57569	1.42983	0	1.02221
28.7	4.69758	1.22114	0	0.745595
28.8	4.82032	1.26918	0	0.805409
28.9	4.9356	1.03598	0	0.536632
29	5.03879	1.00176	0	0.501765
29.1	5.10954	0.815272	0	0.332334
29.2	5.19721	0.601432	0	0.18086
29.3	5.25328	0.83974	0	0.352582
29.4	5.35472	1.16866	0	0.682882
29.5	5.45863	0.964909	0	0.465524
29.6	5.55499	0.79064	0	0.312555
29.7	5.64935	0.88171	0	0.388706
29.8	5.75881	1.15268	0	0.66433
29.9	5.84577	1.00884	0	0.508878
30	5.93914	0.92933	0	0.431827
30.1	6.04723	1.00015	0	0.500147
30.2	6.15316	1.16747	0	0.681492
30.3	6.26325	1.00772	0	0.507754
30.4	6.36834	1.20204	0	0.722446
30.5	6.45574	0.64705	0	0.209337
30.6	6.53088	0.876444	0	0.384077
30.7	6.62792	1.05392	0	0.555374
30.8	6.72839	1.05163	0	0.552964
30.9	6.81333	0.799641	0	0.319713
31	6.85497	0.3363	0	0.0565488
31.1	6.88168	0.0666227	0	0.00221929
31.2	6.9078	0.414315	0	0.0858285
31.3	6.95145	0.417849	0	0.087299
31.4	6.99149	0.56133	0	0.157546
31.5	7.04892	0.395844	0	0.0783462
31.6	7.10259	0.49363	0	0.121835
31.7	7.12728	0.218159	0	0.0237966
31.8	7.15745	0.421761	0	0.0889411
31.9	7.1858	0.258034	0	0.0332908
32	7.20213	0.0427819	0	0.000915147
32.1	7.22049	0.28215	0	0.0398044
32.2	7.26926	0.461025	0	0.106272
32.3	7.30167	0.181313	0	0.0164373
32.4	7.3045	0.133256	0	0.00887856
32.5	7.32747	-0.0504703	0	0.00127363
32.6	7.3153	-0.13603	0	0.00925207
32.7	7.27935	-0.225656	0	0.0254602
32.8	7.27105	0.0687472	0	0.00236309
32.9	7.27773	0.114049	0	0.00650357
33	7.31231	0.579856	0	0.168116
33.1	7.35368	0.358417	0	0.0642315
33.2	7.39546	0.554246	0	0.153595
33.3	7.42423	0.170216	0	0.0144868
33.4	7.46884	0.483065	0	0.116676
33.5	7.50587	0.332998	0	0.0554437
33.6	7.52874	0.143218	0	0.0102556
33.7	7.56335	0.33464	0	0.055992
33.8	7.56842	-0.195886	0	0.0191856
33.9	7.56433	-0.151272	0	0.0114416
34	7.55804	-0.197111	0	0.0194264
34.1	7.55057	-0.314291	0	0.0493896
34.2	7.51276	-0.410733	0	0.0843507
34.3	7.48823	0.0510277	0	0.00130191
34.4	7.50892	-0.0609251	0	0.00185593
34.5	7.50405	0.056166	0	0.00157731
34.6	7.50207	0.0232404	0	0.000270059
34.7	7.47431	-0.673525	0	0.226818
34.8	7.39017	-1.05172	0	0.553054
34.9	7.27996	-1.14811	0	0.659074
35	7.19526	-0.733256	0	0.268832
35.1	7.11265	-0.944675	0	0.446206
35.2	7.02281	-0.689096	0	0.237427
35.3	6.95236	-0.886164	0	0.392643
35.4	6.87045	-0.81944	0	0.335741
35.5	6.80864	-0.250879	0	0.0314703
35.6	6.8107	0.389289	0	0.075773
35.7	6.83818	0.113852	0	0.00648112
35.8	6.82112	-0.170525	0	0.0145395
35.9	6.80783	0.177866	0	0.0158182
36	6.82648	0.265574	0	0.0352648
36.1	6.8709	0.750291	0	0.281468
36.2	6.96844	0.814007	0	0.331304
36.3	7.02729	0.68041	0	0.231479
36.4	7.08558	0.419936	0	0.0881731
36.5	7.10784	-0.105256	0	0.00553943
36.6	7.07756	-0.344918	0	0.0594841
36.7	7.04551	-0.175206	0	0.0153487
36.8	7.06599	0.359629	0	0.0646666
36.9	7.10688	0.587426	0	0.172535
37	7.15217	0.061065	0	0.00186447
37.1	7.0434	-2.05859	1	3.20397
37.2	6.85814	-1.57422	1	2.12573
37.3	6.73108	-0.811345	1	2.00987
37.4	6.67041	-0.515531	1	2.1928
37.5	6.6381	0.0167584	1	2.26202
37.6	6.69215	1.12724	1	2.55939
37.7	6.80885	1.25824	1	1.98625
37.8	6.94849	1.47999	1	1.41714
37.9	7.0442	-0.536087	1	1.24881
38	6.91968	-1.31116	1	1.36155
38.1	6.81709	-0.562702	1	1.30153
38.2	6.78735	0.127721	1	1.33721
38.3	6.83336	0.746883	1	1.32043
38.4	6.91629	0.984301	1	1.00764
38.5	7.02374	0.810984	1	0.922321
38.6	6.9984	-1.23059	1	0.767177
38.7	6.93704	-0.183483	1	0.410322
38.8	6.94779	0.113893	1	0.332823
38.9	6.98949	0.753993	1	0.349926
39	6.99814	-1.16509	1	0.690363
39.1	6.92457	-0.25294	1	0.503437
39.2	6.91455	0.153422	1	0.54584
39.3	6.97665	1.17468	1	0.835851
39.4	7.02679	-0.518558	1	0.80425
39.5	6.92131	-0.826185	1	0.833093
39.6	6.88648	0.0682258	1	0.711824
39.7	6.93825	0.737288	1	0.657708
39.8	7.02944	0.176215	1	0.751526
39.9	6.95248	-0.796191	1	0.613988
40	6.9011	-0.482703	1	0.734655
40.1	6.8889	0.27974	1	0.733476
40.2	6.95387	0.59104	1	0.462992
40.3	6.99964	0.441172	1	0.0995593
40.4	6.97007	-0.301976	1	0.232655
40.5	6.97511	0.463975	1	0.263195
40.6	6.99433	-0.359814	1	0.100142
40.7	6.99129	0.49312	1	0.176044
40.8	6.97879	-0.453533	1	0.235394
40.9	6.95946	0.101213	1	0.258474
41	7.00354	0.716374	1	0.345166
41.1	6.97711	-0.451638	1	0.245045
41.2	6.96329	0.156944	1	0.241759
41.3	7.00017	0.41414	1	0.0900275
41.4	6.97727	-0.184215	1	0.15905
41.5	6.96696	0.240242	1	0.235331
41.6	7.00338	0.574311	1	0.249306
41.7	6.97511	-0.369296	1	0.223783
41.8	6.96675	0.214402	1	0.230791
41.9	6.98821	0.17739	1	0.0894217
42	7.00058	-0.721492	1	0.274829
42.1	6.9631	-0.0225385	1	0.230867
42.2	6.98775	0.101034	1	0.0816931
42.3	7.00586	-0.476405	1	0.259917
42.4	6.98484	0.178366	1	0.110669
42.5	6.99912	0.0234723	1	0.00575287
42.6	6.99231	0.0776624	1	0.0510523
42.7	6.9852	-0.365774	1	0.159416
42.8	6.98276	0.271076	1	0.144494
42.9	6.9963	-0.483367	1	0.139923
43	6.9976	-0.522344	1	0.151449
43.1	6.98958	0.232133	1	0.0920914
43.2	7.00025	0.121354	1	0.0137217
43.3	6.99844	0.113	1	0.016148
43.4	6.99587	-0.0448996	1	0.0268136
43.5	6.9923	0.0939063	1	0.0525399
43.6	6.98849	-0.146365	1	0.0826234
43.7	7.00317	0.150136	1	0.0905352
43.8	6.96404	-0.286523	1	0.265823
43.9	6.94369	0.0787791	1	0.355054
44	6.97804	0.729843	1	0.40361
44.1	6.99253	-0.877411	1	0.431616
44.2	6.92207	-0.63569	1	0.689096
44.3	6.87587	-0.0580619	1	0.777508
44.4	6.89153	0.438614	1	0.774114
44.5	6.96794	1.13414	1	0.843502
44.6	7.02635	-0.513197	1	0.790495
44.7	6.92851	-0.913818	1	0.864371
44.8	6.87538	0.089714	1	0.782897
44.9	6.90311	0.854644	1	0.970802
45	6.99785	1.09869	1	0.617015
45.1	6.97901	-0.410203	1	0.215294
45.2	6.98815	0.564702	1	0.233506
45.3	6.98688	-0.160319	1	0.0948698
45.4	6.95983	-0.122904	1	0.258634
45.5	6.96471	0.247668	1	0.251214
45.6	7.00848	-0.153321	1	0.223644
45.7	6.97141	-0.133488	1	0.187597
45.8	6.98168	0.0301409	1	0.114952
45.9	6.99749	-0.263454	1	0.0503877
46	6.98799	-0.0899032	1	0.0791174
46.1	7.00336	0.0421389	1	0.0847821
46.2	6.97501	-0.1212	1	0.163514
46.3	6.98577	0.420444	1	0.177296
46.4	6.98445	-0.744043	1	0.373959
46.5	6.93459	-0.135332	1	0.417968
46.6	6.98145	1.02591	1	0.642159
46.7	7.01906	-0.63871	1	0.680573
46.8	6.9419	-0.482723	1	0.479648
46.9	6.92955	0.213605	1	0.463135
47	6.99687	1.00065	1	0.520199
47.1	6.97858	-0.707731	1	0.384341
47.2	6.95027	0.180508	1	0.327111
47.3	7.01755	0.0571844	1	0.440283
47.4	6.96056	-0.475515	1	0.359554
47.5	6.94814	0.357995	1	0.388234
47.6	7.01646	0.739625	1	0.685087
47.7	6.98287	-0.712016	1	0.360566
47.8	6.91388	-0.610464	1	0.724586
47.9	6.9064	0.419426	1	0.672937
48	6.97169	0.830404	1	0.521695
48.1	7.01583	-0.68532	1	0.630537
48.2	6.94918	-0.374454	1	0.387713
48.3	6.94534	0.342423	1	0.40026
48.4	6.99475	0.403574	1	0.114247
48.5	6.99037	-0.0150393	1	0.0602703
48.6	6.99702	-0.51692	1	0.152239
48.7	6.95986	-0.388634	1	0.32641
48.8	6.94876	0.324914	1	0.373017
48.9	6.99865	0.753789	1	0.292567
49	6.97838	-0.504558	1	0.262401
49.1	6.96288	0.509075	1	0.361557
49.2	6.99696	-0.367245	1	0.0864288
49.3	6.99469	0.21659	1	0.0566161
49.4	7.00048	-0.0407324	1	0.0127607
49.5	6.98423	-0.373521	1	0.168304
49.6	6.97071	0.181773	1	0.199561
49.7	7.0066	0.349962	1	0.226191
49.8	6.95531	-0.576337	1	0.445364
49.9	6.94727	0.438659	1	0.425758
50	7.02193	0.13917	1	0.557857
50.1	6.95342	-0.80879	1	0.618184
50.2	6.93732	0.396504	1	0.470347
50.3	6.99633	0.739033	1	0.296047
50.4	6.97765	-0.433415	1	0.23359
50.5	6.98032	0.32736	1	0.176584
50.6	6.99766	-0.294331	1	0.0579099
50.7	6.96058	-0.288234	1	0.287916
50.8	6.94565	0.0859083	1	0.34339
50.9	6.99171	0.827984	1	0.394606
51	7.00286	-1.10048	1	0.676909
51.1	6.90518	-0.601771	1	0.773669
51.2	6.87716	-0.14385	1	0.778097
51.3	6.90887	0.625602	1	0.765269
51.4	6.99558	1.33653	1	0.920768
51.5	7.03284	-0.732486	1	1.08931
51.6	6.89818	-1.31754	1	1.50432
51.7	6.78394	-0.93829	1	1.79055
51.8	6.70529	-0.527414	1	1.98101
51.9	6.69549	0.330676	1	1.95786
52	6.76083	0.775449	1	1.79549
52.1	6.88327	1.54992	1	1.93066
52.2	7.0717	1.08035	1	2.37606
52.3	7.03418	-1.85339	1	2.57214
52.4	6.81771	-1.94037	1	3.02183
52.5	6.61651	-2.01993	1	4.43688
52.6	6.43115	-1.57855	1	4.8012
52.7	6.32739	-0.590829	1	4.37833
52.8	6.29377	0.109375	1	4.41995
52.9	6.322	0.334554	1	4.29344
53	6.43103	1.58755	1	4.81624
53.1	6.6376	2.66925	1	5.82743
53.2	6.9433	3.31656	1	5.85416
53.3	7.18332	1.24076	1	5.35271
53.4	7.32922	1.34813	1	5.1011
53.5	7.49806	2.05833	1	5.25545
53.6	7.73632	2.52592	1	4.83815
53.7	8.00201	2.9058	1	4.27204
53.8	8.18049	0.708853	1	4.76355
53.9	8.10745	-1.96618	1	4.61915
54	7.86531	-2.12709	1	3.10408
54.1	7.65697	-1.60046	1	3.42466
54.2	7.54952	-0.91614	1	3.23518
54.3	7.46351	-0.76002	1	3.64188
54.4	7.38997	-0.671266	1	4.03799
54.5	7.37997	0.30751	1	3.92244
54.6	7.42942	0.685428	1	3.80102
54.7	7.51777	1.18682	1	3.71821
54.8	7.6676	1.92944	1	3.93888
54.9	7.876	2.57932	1	4.10146
55	8.09725	1.18064	1	3.12822
55.1	8.0761	-1.53971	1	3.0878
55.2	7.86875	-1.89191	1	2.60995
55.3	7.70715	-1.17938	1	2.52575
55.4	7.6412	-0.159035	1	2.25516
55.5	7.64324	0.358323	1	2.29394
55.6	7.73519	1.13288	1	2.29677
55.7	7.88058	1.73911	1	2.25863
55.8	8.04118	0.99497	1	1.52458
55.9	7.98478	-1.9786	1	2.05254
56	7.79714	-1.56573	1	2.49363
56.1	7.71032	-0.314841	1	1.86006
56.2	7.70544	0.0330572	1	1.84154
56.3	7.74255	1.13178	1	2.24953
56.4	7.87915	1.57185	1	1.99068
56.5	8.05311	1.48872	1	2.43579
56.6	8.07288	-1.14066	1	2.47258
56.7	7.92251	-1.01188	1	0.996255
56.8	7.88616	0.276129	1	0.749636
56.9	7.96598	1.10918	1	0.827763
57	8.04579	-0.30619	1	1.19153
57.1	7.93649	-1.17658	1	1.08909
57.2	7.8312	-0.651635	1	1.26734
57.3	7.82641	0.407024	1	1.16776
57.4	7.88002	0.879722	1	1.13683
57.5	7.98299	1.40731	1	1.09656
57.6	8.04728	-0.662456	1	1.40151
57.7	7.88477	-1.72609	1	2.2099
57.8	7.75087	-0.910293	1	1.9714
57.9	7.69388	-0.444423	1	2.01201
58	7.68508	-0.16885	1	1.98251
58.1	7.69253	0.295444	1	1.96535
58.2	7.74588	1.01416	1	2.1025
58.3	7.8915	1.68685	1	2.10083
58.4	8.05099	0.811628	1	1.60409
58.5	8.02155	-1.44142	1	1.57771
58.6	7.86541	-1.16325	1	1.51778
58.7	7.78073	-0.429726	1	1.4628
58.8	7.78597	0.569513	1	1.49985
58.9	7.83934	0.661527	1	1.22293
59	7.91999	0.894312	1	0.899969
59.1	8.03394	0.967995	1	1.31697
59.2	8.00746	-1.54725	1	1.38344
59.3	7.87706	-0.861243	1	1.13927
59.4	7.84996	0.275947	1	0.975812
59.5	7.91496	0.940253	1	0.973554
59.6	8.04077	1.22201	1	1.76591
59.7	8.02809	-1.40864	1	1.69435
59.8	7.87577	-1.26022	1	1.57051
59.9	7.75227	-0.884177	1	1.93923
60	7.68639	-0.5817	1	2.12923
60.1	7.66483	0.103109	1	2.10013
60.2	7.68493	0.339951	1	2.02694
60.3	7.75604	1.16798	1	2.20682
60.4	7.88961	1.66683	1	2.07909
60.5	8.05251	0.612013	1	1.49991
60.6	7.97474	-2.02271	1	2.20357
60.7	7.77679	-1.79181	1	3.00038
60.8	7.62813	-0.800246	1	2.64439
60.9	7.59025	0.0883246	1	2.56486
61	7.62065	0.385272	1	2.44517
61.1	7.66763	0.629027	1	2.27517
61.2	7.7677	1.35889	1	2.37514
61.3	7.93339	1.93805	1	2.29434
61.4	8.08482	0.412973	1	2.20576
61.5	8.00708	-2.12393	1	2.43248
61.6	7.8626	-0.899125	1	1.26297
61.7	7.80138	-0.230672	1	1.26797
61.8	7.80052	0.408032	1	1.32998
61.9	7.86195	0.664977	1	1.08388
62	7.96537	1.26274	1	1.01368
62.1	8.09101	1.16905	0	0.683338
62.2	8.22513	1.465	0	1.07312
62.3	8.37981	1.51013	0	1.14024
62.4	8.53576	1.62333	0	1.31759
62.5	8.73225	1.94931	0	1.89991
62.6	8.92808	1.98159	0	1.96335
62.7	9.12934	2.03259	0	2.06571
62.8	9.34004	2.05038	0	2.10204
62.9	9.50046	1.43493	0	1.02951
63	9.62686	1.21636	0	0.739764
63.1	9.7488	0.993943	0	0.493962
63.2	9.83671	0.778202	0	0.302799
63.3	9.888	0.424709	0	0.0901887
63.4	9.95811	0.62407	0	0.194732
63.5	10.029	0.728022	0	0.265008
63.6	10.1131	1.07927	0	0.58241
63.7	10.216	1.091	0	0.595144
63.8	10.3373	1.20783	0	0.729425
63.9	10.4713	1.24144	0	0.770581
64	10.5765	1.11617	0	0.622922
64.1	10.6772	0.878166	0	0.385588
64.2	10.7542	0.485272	0	0.117745
64.3	10.8002	0.392349	0	0.0769689
64.4	10.8472	0.462187	0	0.106809
64.5	10.8888	0.654386	0	0.21411
64.6	10.9801	0.991361	0	0.491398
64.7	11.0662	0.76348	0	0.291451
64.8	11.125	0.600381	0	0.180229
64.9	11.1694	0.292497	0	0.0427774
65	11.1746	-0.394795	0	0.0779317
65.1	11.1607	0.0571696	0	0.00163418
65.2	11.1601	0.0185446	0	0.00017195
65.3	11.1821	0.402834	0	0.0811377
65.4	11.208	0.286418	0	0.0410176
65.5	11.1862	-0.397538	0	0.0790181
65.6	11.1266	-0.8152	0	0.332275
65.7	11.0206	-1.17787	0	0.693694
65.8	10.9152	-1.39452	0	0.972337
65.9	10.7736	-1.52895	0	1.16885
66	10.6498	-0.97378	0	0.474124
66.1	10.6048	0.0150499	0	0.00011325
66.2	10.5903	-0.574651	0	0.165112
66.3	10.537	-0.607857	0	0.184745
66.4	10.4716	-0.646388	0	0.208908
66.5	10.4087	-0.523309	0	0.136926
66.6	10.3417	-0.85576	0	0.366163
66.7	10.2536	-0.668666	0	0.223557
66.8	10.2241	-0.217874	0	0.0237345
66.9	10.1963	-0.292142	0	0.0426734
67	10.1723	-0.175823	0	0.0154568
67.1	10.1825	0.199437	0	0.0198876
67.2	10.2069	-0.0266218	0	0.000354359
67.3	10.2354	0.573378	0	0.164381
67.4	10.3012	0.573743	0	0.164591
67.5	10.3664	0.822508	0	0.33826
67.6	10.4676	1.03417	0	0.534753
67.7	10.5869	1.34575	0	0.905517
67.8	10.7193	1.56329	0	1.22194
67.9	10.8723	1.50117	0	1.12675
68	10.9986	1.11777	0	0.624705
68.1	11.093	0.709172	0	0.251463
68.2	11.1668	0.572893	0	0.164103
68.3	11.1971	0.276687	0	0.0382779
68.4	11.2115	0.390312	0	0.0761716
68.5	11.2313	-0.131208	0	0.00860783
68.6	11.2503	0.0144616	0	0.000104568
68.7	11.1896	-0.772849	0	0.298647
68.8	11.1374	-0.621116	0	0.192893
68.9	11.0829	-0.715808	0	0.256191
69	11.0249	-0.659102	0	0.217208
69.1	10.9473	-0.723619	0	0.261812
69.2	10.8507	-1.14815	0	0.659118
69.3	10.742	-1.04084	0	0.541671
69.4	10.6301	-1.13012	0	0.638587
69.5	10.5339	-0.507897	0	0.12898
69.6	10.471	-0.626748	0	0.196407
69.7	10.3971	-0.867656	0	0.376413
69.8	10.3461	-0.366442	0	0.06714
69.9	10.3384	0.224941	0	0.0252991
70	10.3653	0.302189	0	0.045659
70.1	10.3592	-0.237293	0	0.0281541
70.2	10.3675	0.224026	0	0.0250937
70.3	10.3852	0.196141	0	0.0192357
70.4	10.3848	-0.0824277	0	0.00339716
70.5	10.3863	-0.0619365	0	0.00191806
70.6	10.39	-0.0300283	0	0.00045085
70.7	10.3823	-0.0683259	0	0.00233421
70.8	10.3936	0.0670897	0	0.00225051
70.9	10.386	-0.104065	0	0.00541471
71	10.3881	-0.143541	0	0.010302
71.1	10.3902	-0.128257	0	0.00822487
71.2	10.3622	-0.25444	0	0.0323698
71.3	10.3533	-0.180269	0	0.0162484
71.4	10.3316	-0.204472	0	0.0209043
71.5	10.3207	-0.235604	0	0.0277547
71.6	10.3162	0.0586443	0	0.00171958
71.7	10.3298	0.140747	0	0.00990484
71.8	10.3275	-0.199	0	0.0198005
71.9	10.3384	0.328468	0	0.0539458
72	10.375	0.558398	0	0.155904
72.1	10.4447	0.897	0	0.402304
72.2	10.5142	0.572414	0	0.163829
72.3	10.5428	0.064125	0	0.00205601
72.4	10.5328	-0.238063	0	0.028337
72.5	10.4898	-0.404639	0	0.0818666
72.6	10.4416	-0.460228	0	0.105905
72.7	10.3827	-0.467758	0	0.109399
72.8	10.3474	-0.07277	0	0.00264773
72.9	10.3407	-0.12736	0	0.00811029
73	10.3336	-0.0240413	0	0.000288992
73.1	10.3482	0.107194	0	0.00574529
73.2	10.3757	0.374543	0	0.0701412
73.3	10.3884	0.131563	0	0.00865438
73.4	10.4082	0.569791	0	0.162331
73.5	10.4621	0.454538	0	0.103302
73.6	10.5282	0.67211	0	0.225866
73.7	10.6048	0.608427	0	0.185092
73.8	10.6577	0.444283	0	0.0986938
73.9	10.6704	0.255055	0	0.0325265
74	10.6895	0.132717	0	0.0088069
74.1	10.7426	1.02506	1	2.13423
74.2	10.8906	1.94396	1	2.57314
74.3	11.0924	1.39834	1	3.28733
74.4	11.1002	-1.1757	1	3.19621
74.5	10.8783	-2.24743	1	3.28603
74.6	10.6631	-1.95351	1	4.01362
74.7	10.5001	-1.34727	1	4.03199
74.8	10.3916	-0.776326	1	4.10363
74.9	10.3604	-0.0358343	1	3.99836
75	10.4188	1.08551	1	4.22145
75.1	10.5466	1.61253	1	4.13395
75.2	10.7272	1.9467	1	3.60001
75.3	10.9382	2.43012	1	3.3391
75.4	11.1366	1.15877	1	4.08551
75.5	11.1266	-1.43169	1	4.18928
75.6	10.8889	-2.54679	1	3.93731
75.7	10.6449	-1.97094	1	4.16162
75.8	10.5017	-0.827079	1	3.45616
75.9	10.4657	0.180402	1	3.35547
76	10.5084	0.757178	1	3.35946
76.1	10.6362	1.69364	1	3.70818
76.2	10.8323	2.04272	1	3.13463
76.3	11.0765	1.948	1	3.80877
76.4	11.1711	-0.563701	1	4.43606
76.5	10.9486	-3.07029	1	5.03432
76.6	10.6626	-2.56615	1	5.40111
76.7	10.4391	-2.03911	1	5.58461
76.8	10.2326	-1.94669	1	6.69132
76.9	9.97492	-3.73739	1	7.14079
77	9.6401	-3.31491	1	7.74365
77.1	9.33547	-2.55126	1	7.4078
77.2	9.11651	-2.56947	1	6.21383
77.3	8.8104	-2.93695	1	5.49787
77.4	8.53932	-2.39911	1	5.75713
77.5	8.33018	-1.66392	1	5.5707
77.6	8.20921	-1.02908	1	5.47196
77.7	8.03127	-2.84218	1	4.82084
77.8	7.73056	-2.83636	1	5.70644
77.9	7.47324	-2.38147	1	6.12792
78	7.26019	-1.71858	1	6.10058
78.1	7.06255	-2.78486	1	5.44137
78.2	6.75476	-2.74129	1	5.29007
78.3	6.50227	-2.20724	1	5.5468
78.4	6.26795	-1.90085	1	6.38193
78.5	6.06352	-2.89344	1	5.77404
78.6	5.74355	-2.93349	1	5.90551
78.7	5.48452	-2.30387	1	5.87564
78.8	5.29954	-1.31941	1	5.24831
78.9	5.20999	-0.717486	1	5.19499
79	5.04564	-3.04228	1	5.76878
79.1	4.74722	-2.63315	1	5.04663
79.2	4.53661	-1.74287	1	4.41502
79.3	4.42468	-0.526642	1	3.73446
79.4	4.41446	-0.0042171	1	3.65962
79.5	4.44608	0.709325	1	3.71359
79.6	4.54787	1.27996	1	3.64498
79.7	4.70479	2.13419	1	4.12241
79.8	4.9432	2.77107	1	4.1944
79.9	5.14332	1.0191	1	4.10218
80	5.11137	-1.51181	1	3.92695
80.1	4.89922	-1.86793	1	2.37446
80.2	4.72438	-1.41364	1	2.72179
80.3	4.61538	-0.720098	1	2.66317
80.4	4.59004	0.135226	1	2.57141
80.5	4.64238	0.941022	1	2.67788
80.6	4.75054	1.13682	1	2.20531
80.7	4.87424	1.4233	1	1.79892
80.8	5.02079	1.16154	1	1.19427
80.9	5.00502	-1.39932	1	1.1045
81	4.86427	-1.32318	1	1.7237
81.1	4.76614	-0.714964	1	1.71718
81.2	4.72443	0.053617	1	1.72373
81.3	4.76687	0.864999	1	1.83116
81.4	4.88802	1.60643	1	1.9902
81.5	5.04576	1.16504	1	1.82257
81.6	5.0227	-1.40399	1	1.55322
81.7	4.85977	-1.17635	1	1.56832
81.8	4.76155	-0.794879	1	1.80622
81.9	4.70929	-0.389515	1	1.89283
82	4.72082	0.632462	1	1.9449
82.1	4.81079	1.3846	1	2.14114
82.2	4.97427	1.75234	1	1.69614
82.3	5.06688	-0.116383	1	1.67882
82.4	4.93511	-1.75897	1	1.95257
82.5	4.78201	-1.14699	1	2.0202
82.6	4.69558	-0.654787	1	2.11702
82.7	4.66235	0.163592	1	2.1237
82.8	4.72343	0.862717	1	2.10072
82.9	4.82135	1.22464	1	1.86643
83	4.9491	1.22979	1	1.07432
83.1	5.05639	0.0306052	1	1.41024
83.2	4.9543	-1.22506	1	1.03603
83.3	4.86626	-0.559556	1	0.992422
83.4	4.82453	-0.00766106	1	1.09673
83.5	4.87826	0.959874	1	1.22157
83.6	5.00362	1.72787	1	1.58339
83.7	5.05347	-1.12961	1	1.9747
83.8	4.86948	-1.76555	1	2.37432
83.9	4.68946	-1.60222	1	3.22442
84	4.59415	-0.583569	1	2.70682
84.1	4.54001	-0.279301	1	2.91394
84.2	4.55255	0.379577	1	2.86858
84.3	4.65429	1.50858	1	3.29857
84.4	4.83849	1.937	1	2.88541
84.5	5.06064	1.90158	1	3.32406
84.6	5.10533	-0.979805	1	3.11337
84.7	4.89722	-2.40825	1	3.54222
84.8	4.69252	-1.65201	1	3.28631
84.9	4.55678	-1.01936	1	3.28965
85	4.48783	-0.588723	1	3.37435
85.1	4.45725	0.179616	1	3.40831
85.2	4.48501	0.297201	1	3.26285
85.3	4.56762	1.54192	1	3.89114
85.4	4.74008	1.89851	1	3.42669
85.5	4.94224	2.28099	1	2.96247
85.6	5.10477	0.322399	1	2.67122
85.7	5.02876	-2.03776	1	2.79524
85.8	4.82859	-1.65518	1	2.44111
85.9	4.68554	-1.32801	1	2.84718
86	4.57012	-0.965903	1	3.15323
86.1	4.52775	0.0996261	1	2.95655
86.2	4.5613	0.50566	1	2.86971
86.3	4.61485	0.658972	1	2.62432
86.4	4.71492	1.3884	1	2.74558
86.5	4.90404	2.13448	1	2.87776
86.6	5.10721	0.982781	1	3.16314
86.7	5.06919	-1.32626	1	2.60912
86.8	4.85404	-2.32918	1	3.62482
86.9	4.63976	-1.87065	1	4.00117
87	4.47236	-1.37961	1	4.24939
87.1	4.38304	-0.562502	1	4.01422
87.2	4.34798	-0.114242	1	4.08166
87.3	4.36603	0.468305	1	4.07197
87.4	4.45782	1.16417	1	4.06626
87.5	4.59805	1.65623	1	3.88376
87.6	4.78065	2.13002	1	3.63942
87.7	5.01648	2.43016	1	3.36495
87.8	5.10962	-0.345231	1	2.80012
87.9	4.93665	-2.30034	1	3.0417
88	4.74728	-1.82126	1	3.23802
88.1	4.61388	-0.87444	1	2.79557
88.2	4.53418	-0.442663	1	3.00934
88.3	4.51744	-0.00809471	1	3.01601
88.4	4.55946	0.990069	1	3.24346
88.5	4.69193	1.73042	1	3.42263
88.6	4.88245	2.01539	1	2.76556
88.7	5.07558	1.05392	1	2.44497
88.8	5.02225	-1.75113	1	2.08943
88.9	4.84971	-1.12033	1	1.56687
89	4.76654	-0.471603	1	1.57034
89.1	4.76194	0.116719	1	1.49471
89.2	4.81843	1.14583	1	1.79124
89.3	4.95861	1.46185	1	1.32718
89.4	5.08205	0.555773	1	2.2056
89.5	5.03664	-1.37851	1	1.86617
89.6	4.85095	-1.76031	1	2.48093
89.7	4.69274	-1.20842	1	2.65054
89.8	4.61939	0.00974407	1	2.37885
89.9	4.63019	0.550749	1	2.46295
90	4.69599	0.951387	1	2.35262
90.1	4.82949	1.56847	1	2.29577
90.2	5.01727	1.91437	1	2.26408
90.3	5.07927	-0.819012	1	2.31715
90.4	4.90613	-1.68018	1	1.9982
90.5	4.76987	-1.18986	1	2.14617
90.6	4.6585	-0.774382	1	2.43421
90.7	4.61835	-0.0765292	1	2.38823
90.8	4.6595	0.79475	1	2.44392
90.9	4.75162	0.991949	1	2.04435
91	4.87517	1.52524	1	1.94335
91.1	5.02923	1.08501	1	1.31929
91.2	5.01354	-1.28466	1	1.16357
91.3	4.8861	-1.19451	1	1.42532
91.4	4.81117	-0.45912	1	1.2856
91.5	4.78624	0.0404857	1	1.33682
91.6	4.84488	1.02174	1	1.49149
91.7	4.97383	1.48849	1	1.27133
91.8	5.04645	-0.528513	1	1.30084
91.9	4.91299	-1.32304	1	1.41903
92	4.81524	-0.424106	1	1.24468
92.1	4.80117	0.11257	1	1.24902
92.2	4.84485	0.941548	1	1.41297
92.3	4.98786	1.79018	1	1.67824
92.4	5.06638	-0.564776	1	1.81908
92.5	4.91508	-1.7927	1	2.13761
92.6	4.75254	-1.31642	1	2.41314
92.7	4.67251	-0.24387	1	2.07654
92.8	4.67628	0.264583	1	2.05825
92.9	4.71036	0.38163	1	1.88307
93	4.78524	1.30316	1	2.19134
93.1	4.97716	2.66815	1	3.70227
93.2	5.16403	0.703027	1	4.34798
93.3	5.08532	-2.13207	1	4.40586
93.4	4.83006	-2.47158	1	4.11648
93.5	4.5849	-2.14307	1	4.89074
93.6	4.4266	-1.0703	1	4.15652
93.7	4.37353	-0.140684	1	3.92536
93.8	4.40314	0.677572	1	3.95993
93.9	4.49148	1.10595	1	3.7898
94	4.61046	1.27499	1	3.24743
94.1	4.7648	2.09621	1	3.66707
94.2	4.9955	2.83162	1	4.03717
94.3	5.14475	0.14308	1	3.629
94.4	5.03686	-2.31174	1	3.5936
94.5	4.77501	-2.35438	1	4.17773
94.6	4.55755	-2.15527	1	5.08789
94.7	4.40191	-0.952305	1	4.1915
94.8	4.35499	-0.133916	1	4.04027
94.9	4.36544	0.642102	1	4.17214
95	4.46293	1.34046	1	4.25511
95.1	4.61946	1.60873	1	3.67239
95.2	4.77883	1.76791	1	2.94504
95.3	4.98353	2.54652	1	3.34534
95.4	5.12852	0.352794	1	3.27528
95.5	5.00746	-2.31319	1	2.86192
95.6	4.79702	-1.75928	1	2.81618
95.7	4.65333	-1.16402	1	2.84417
95.8	4.58014	-0.152683	1	2.6358
95.9	4.58244	0.194359	1	2.62865
96	4.62027	0.294192	1	2.41657
96.1	4.70927	1.28822	1	2.6468
96.2	4.83281	1.3205	1	1.9168
96.3	5.00069	2.108	1	2.23899
96.4	5.08434	-0.476227	1	2.222
96.5	4.94041	-1.90196	1	2.18114
96.6	4.78667	-1.04368	1	1.87795
96.7	4.70765	-0.374266	1	1.89719
96.8	4.72696	0.623297	1	1.90076
96.9	4.86048	1.70126	1	2.31911
97	5.05242	1.64095	1	2.65694
97.1	5.09772	-0.742885	1	2.71896
97.2	4.92416	-1.93964	1	2.35511
97.3	4.74236	-1.83335	1	3.29083
97.4	4.57899	-0.990055	1	3.12139
97.5	4.49539	-0.510251	1	3.28402
97.6	4.50175	0.66308	1	3.33392
97.7	4.60741	1.58981	1	3.71741
97.8	4.83071	2.54834	1	4.30508
97.9	5.08743	1.78531	1	3.7795
98	5.14509	-0.54938	1	3.77812
98.1	4.97385	-2.81637	1	4.12944
98.2	4.73044	-2.1522	1	4.00075
98.3	4.53618	-2.04452	1	4.98894
98.4	4.38395	-1.1303	1	4.4891
98.5	4.29187	-0.799357	1	4.74532
98.6	4.23825	-0.276079	1	4.79903
98.7	4.25053	0.348928	1	4.74505
98.8	4.33948	1.04616	1	4.6755
98.9	4.48334	1.56534	1	4.45424
99	4.66986	2.31056	1	4.73271
99.1	4.90198	2.27569	0	2.58939
99.2	5.10911	1.84764	0	1.70689
99.3	5.30981	2.22354	0	2.47207
99.4	5.51509	1.87599	0	1.75966
99.5	5.7174	2.05724	0	2.11611
99.6	5.92223	1.8931	0	1.79191
99.7	6.09519	1.43683	0	1.03225
99.8	6.22523	1.02966	0	0.530096
99.9	6.34705	1.00436	0	0.504374
100	6.42904	0.748797	0	0.280349
100.1	6.51603	0.835259	0	0.348829
100.2	6.59455	0.81009	0	0.328123
100.3	6.69558	0.940984	0	0.442726
100.4	6.77416	1.04363	0	0.54458
100.5	6.85062	0.488932	0	0.119527
100.6	6.89964	0.785028	0	0.308135
100.7	6.95084	0.523205	0	0.136872
100.8	6.99521	0.27958	0	0.0390825
100.9	7.00987	-0.0477664	0	0.00114081
101	6.97937	-0.392539	0	0.0770436
101.1	6.90692	-0.974884	0	0.475199
101.2	6.83198	-0.6101	0	0.186111
101.3	6.77377	-0.414558	0	0.0859291
101.4	6.70843	-0.731715	0	0.267704
101.5	6.61487	-1.09818	0	0.602995
101.6	6.49733	-1.05041	0	0.55168
101.7	6.40071	-1.01782	0	0.517981
101.8	6.31195	-0.817285	0	0.333977
101.9	6.25342	-0.364096	0	0.0662829
102	6.21765	-0.167407	0	0.0140125
102.1	6.2036	-0.215325	0	0.0231825
102.2	6.16817	-0.386925	0	0.0748555
102.3	6.11256	-0.870642	0	0.379009
102.4	6.01856	-1.08688	0	0.59065
102.5	5.9328	-0.667441	0	0.222738
102.6	5.87207	-0.654821	0	0.214395
102.7	5.81218	-0.58021	0	0.168322
102.8	5.76872	-0.420154	0	0.0882648
102.9	5.72333	-0.600002	0	0.180001
103	5.64604	-0.929623	0	0.432099
103.1	5.5459	-0.625293	0	0.195496
103.2	5.49938	-0.305076	0	0.0465358
103.3	5.47268	-0.226331	0	0.025613
103.4	5.45612	-0.16964	0	0.0143889
103.5	5.43018	-0.418599	0	0.0876124
103.6	5.41199	0.0474764	0	0.001127
103.7	5.41469	0.257621	0	0.0331842
103.8	5.46381	0.4102	0	0.0841321
103.9	5.48002	-0.00921482	0	4.24564e-05
104	5.49897	0.0175354	0	0.000153744
104.1	5.53101	0.702487	0	0.246744
104.2	5.60647	0.728288	0	0.265202
104.3	5.68595	0.794444	0	0.315571
104.4	5.76037	0.469727	0	0.110322
104.5	5.80837	0.481375	0	0.115861
104.6	5.83469	-0.0999017	0	0.00499018
104.7	5.81423	-0.163651	0	0.0133908
104.8	5.83225	0.278201	0	0.038698
104.9	5.85189	0.417686	0	0.0872308
105	5.91329	0.774589	0	0.299994
105.1	5.96769	0.84902	0	0.360418
105.2	6.05261	0.797313	0	0.317854
105.3	6.13597	0.943033	0	0.444656
105.4	6.23113	0.97437	0	0.474699
105.5	6.32707	0.840711	0	0.353398
105.6	6.46257	1.81605	0	1.64901
105.7	6.64136	2.10877	0	2.22345
105.8	6.86423	2.504	0	3.13501
105.9	7.10389	2.24905	0	2.5291
106	7.32641	2.02343	0	2.04714
106.1	7.53338	2.04716	0	2.09544
106.2	7.74251	1.85356	0	1.71784
106.3	7.95084	2.50304	0	3.1326
106.4	8.19785	2.49184	0	3.10464
106.5	8.44641	2.38935	0	2.85449
106.6	8.72054	3.01868	0	4.55622
106.7	9.00952	2.93226	0	4.29907
106.8	9.30372	2.86692	0	4.10961
106.9	9.57114	2.47976	0	3.0746
107	9.8398	2.83838	0	4.02821
107.1	10.1309	2.94223	0	4.32836
107.2	10.41	2.45701	0	3.01845
107.3	10.6506	2.24072	0	2.51041
107.4	10.8873	2.39651	0	2.87162
107.5	11.1037	1.92043	0	1.84403
107.6	11.2954	2.10628	0	2.2182
107.7	11.523	2.21692	0	2.45738
107.8	11.7206	1.94383	0	1.88924
107.9	11.9124	1.86684	0	1.74254
108	12.0834	1.59653	0	1.27445
108.1	12.2116	1.33254	0	0.887831
108.2	12.3483	1.44011	0	1.03696
108.3	12.4899	1.6441	0	1.35154
108.4	12.6757	2.01032	0	2.0207
108.5	12.8929	2.36949	0	2.80724
108.6	13.1292	2.23908	0	2.50673
108.7	13.3479	2.23798	0	2.50428
108.8	13.5429	1.96647	0	1.9335
108.9	13.7477	2.27941	0	2.59787
109	13.9752	2.46645	0	3.04169
109.1	14.2106	2.38084	0	2.8342
109.2	14.4463	2.32341	0	2.69911
109.3	14.6513	1.83926	0	1.69144
109.4	14.8204	1.50919	0	1.13882
109.5	14.9518	1.15322	0	0.664954
109.6	15.0939	1.21457	0	0.737593
109.7	15.2237	1.15014	0	0.661408
109.8	15.3361	1.04361	0	0.544558
109.9	15.4413	1.10638	0	0.612042
110	15.56	1.37854	0	0.950192
110.1	15.6663	0.80871	0	0.327006
110.2	15.7216	0.362863	0	0.0658349
110.3	15.7592	0.531293	0	0.141136
110.4	15.8445	0.869617	0	0.378117
110.5	15.9465	1.20671	0	0.72808
110.6	16.081	1.4543	0	1.0575
110.7	16.2135	1.20492	0	0.725915
110.8	16.351	1.46682	0	1.07578
110.9	16.4883	1.33718	0	0.894032
111	16.6398	1.76492	0	1.55747
111.1	16.8455	2.49498	1	4.07795
111.2	17.0632	1.50405	1	2.71024
111.3	17.0914	-0.99264	1	2.77699
111.4	16.9134	-1.86445	1	2.2795
111.5	16.779	-0.91527	1	1.80025
111.6	16.7148	-0.423016	1	1.8717
111.7	16.7008	0.0314096	1	1.87051
111.8	16.786	1.31976	1	2.20856
111.9	16.969	2.19218	1	2.59674
112	17.0827	-0.295664	1	2.11109
112.1	16.9222	-1.9219	1	2.33292
112.2	16.7845	-1.05375	1	1.90218
112.3	16.7162	-0.493177	1	1.89525
112.4	16.7074	-0.0927806	1	1.83334
112.5	16.7157	0.384271	1	1.85099
112.6	16.7793	0.85482	1	1.74502
112.7	16.8797	0.938962	1	1.19301
112.8	17.0136	1.47453	1	1.42798
112.9	17.0133	-1.22475	1	1.08356
113	16.8903	-0.954219	1	1.14065
113.1	16.8697	0.424816	1	0.904752
113.2	16.9155	0.338295	1	0.585327
113.3	16.9989	1.20328	1	0.730512
113.4	17.0012	-1.25547	1	0.81863
113.5	16.9312	-0.5049	1	0.557265
113.6	16.9242	0.291852	1	0.51634
113.7	16.9972	0.897218	1	0.419957
113.8	16.9698	-0.848358	1	0.548539
113.9	16.9095	-0.114377	1	0.572282
114	16.9355	0.566203	1	0.563569
114.1	17.0104	0.484377	1	0.376135
114.2	16.9722	-0.592708	1	0.349522
114.3	16.9352	0.0781366	1	0.408139
114.4	16.9979	1.38682	1	0.97493
114.5	16.9847	-1.34137	1	0.995449
114.6	16.8959	-0.763399	1	0.942071
114.7	16.8612	-0.226228	1	0.89296
114.8	16.8939	0.997983	1	1.16106
114.9	17.0186	1.02924	1	0.995
115	17.0102	-1.3966	1	1.23036
115.1	16.8854	-0.854124	1	1.08089
115.2	16.7928	-0.815636	1	1.62777
115.3	16.7342	-0.356359	1	1.72451
115.4	16.7196	-0.149889	1	1.76355
115.5	16.7178	0.193768	1	1.78231
115.6	16.7627	0.928594	1	1.91441
115.7	16.8921	1.61499	1	1.97821
115.8	17.0434	0.827574	1	1.42793
115.9	16.9892	-2.07011	1	2.21027
116	16.8273	-1.53205	1	2.25324
116.1	16.7258	-0.312765	1	1.76248
116.2	16.7202	0.241089	1	1.77752
116.3	16.7897	0.956598	1	1.77175
116.4	16.9179	1.36324	1	1.44242
116.5	17.0597	0.177768	1	1.50821
116.6	16.9679	-1.57423	1	1.43964
116.7	16.8399	-0.740789	1	1.27528
116.8	16.8016	-0.460645	1	1.34596
116.9	16.7694	0.174991	1	1.45633
117	16.8352	1.35755	1	1.95137
117.1	17.0099	1.88399	1	2.02234
117.2	17.0599	-0.795243	1	1.81469
117.3	16.9102	-1.47674	1	1.65144
117.4	16.791	-0.754546	1	1.59066
117.5	16.7578	0.141421	1	1.52391
117.6	16.8093	1.02535	1	1.71766
117.7	16.9658	2.25794	1	2.76287
117.8	17.0808	0.0328269	1	2.02033
117.9	16.9514	-2.28126	1	2.90571
118	16.7471	-1.71201	1	3.04622
118.1	16.5868	-1.40912	1	3.57512
118.2	16.4815	-0.675328	1	3.46873
118.3	16.4624	0.118698	1	3.36689
118.4	16.4845	0.492502	1	3.34293
118.5	16.5738	1.16165	1	3.33859
118.6	16.722	1.90962	1	3.56108
118.7	16.9314	2.34139	1	3.16975
118.8	17.1452	1.15572	1	4.29858
118.9	17.1405	-1.15216	1	4.1762
119	16.9141	-2.39791	1	3.41213
119.1	16.7243	-1.37066	1	2.66244
119.2	16.599	-1.23814	1	3.27267
119.3	16.5162	-0.310825	1	3.07228
119.4	16.511	0.154832	1	3.06853
119.5	16.5509	0.720908	1	3.06704
119.6	16.6344	0.923435	1	2.71161
119.7	16.7432	1.09704	1	2.20696
119.8	16.8752	1.80239	1	2.40417
119.9	17.0437	0.869886	1	1.47038
120	17.0198	-1.54068	1	1.68239
120.1	16.8841	-1.0285	1	1.25337
120.2	16.8445	0.0646962	1	0.974223
120.3	16.906	1.10145	1	1.19407
120.4	17.0505	1.03488	1	1.79682
120.5	17.0017	-1.64159	1	1.38968
120.6	16.8654	-1.06673	1	1.41012
120.7	16.784	-0.486614	1	1.4686
120.8	16.7664	0.396611	1	1.53864
120.9	16.855	1.36538	1	1.83836
121	17.0229	1.61645	1	1.8801
121.1	17.0626	-1.024	1	2.09002
121.2	16.8863	-1.72572	1	2.1995
121.3	16.7853	-0.453698	1	1.44511
121.4	16.7986	0.381612	1	1.33143
121.5	16.8506	0.943652	1	1.37929
121.6	16.9792	1.53587	1	1.30971
121.7	17.0187	-1.14329	1	1.12176
121.8	16.8819	-1.05086	1	1.29008
121.9	16.7811	-0.981885	1	1.85033
122	16.709	-0.37287	1	1.88821
122.1	16.6928	-0.0512615	1	1.92158
122.2	16.7338	0.568509	1	1.82509
122.3	16.8541	1.56573	1	2.13752
122.4	17.0435	1.37188	1	2.02972
122.5	17.0297	-1.30359	1	1.59129
122.6	16.8765	-1.41058	1	1.76689
122.7	16.7627	-0.529465	1	1.62336
122.8	16.7548	0.289926	1	1.57442
122.9	16.8008	0.786638	1	1.55462
123	16.9223	1.709	1	1.9457
123.1	17.0632	0.338708	1	1.63761
123.2	16.9918	-1.79426	1	1.66086
123.3	16.8386	-1.17356	1	1.69753
123.4	16.7425	-0.730515	1	1.87625
123.5	16.7321	0.160162	1	1.68706
123.6	16.7563	0.652879	1	1.73606
123.7	16.8504	1.06269	1	1.49969
123.8	16.997	1.88799	1	1.80074
123.9	17.0702	-0.624493	1	1.95028
124	16.9335	-1.48314	1	1.51552
124.1	16.84	-0.571928	1	1.16345
124.2	16.8089	0.077601	1	1.19719
124.3	16.8482	0.625181	1	1.14433
124.4	16.9324	1.07829	1	1.00354
124.5	17.0346	0.0824825	1	0.867967
124.6	16.9751	-0.981613	1	0.637382
124.7	16.9032	-0.508348	1	0.734203
124.8	16.9054	0.487479	1	0.709818
124.9	16.9905	1.20784	1	0.788539
125	17.0009	-1.19005	1	0.729471
125.1	16.8862	-0.927513	1	1.14116
125.2	16.8368	-0.264428	1	1.05526
125.3	16.8798	0.843896	1	1.10706
125.4	17.0145	1.59016	1	1.62637
125.5	17.0614	-0.636533	1	1.73791
125.6	16.9143	-1.88618	1	2.31429
125.7	16.7734	-1.26825	1	2.22056
125.8	16.6901	-0.856144	1	2.30336
125.9	16.6258	-0.832703	1	2.68531
126	16.6012	0.203551	1	2.51351
126.1	16.6842	1.12543	1	2.60687
126.2	16.8407	1.79387	1	2.60459
126.3	17.034	1.42137	1	1.85975
126.4	17.0689	-0.693504	1	1.96361
126.5	16.9204	-1.38064	1	1.45067
126.6	16.8447	-0.305657	1	1.01703
126.7	16.8573	0.56737	1	1.05283
126.8	16.928	0.677009	1	0.678917
126.9	17.0285	0.568218	1	0.873016
127	16.9605	-1.18775	1	0.952383
127.1	16.9008	-0.272944	1	0.656999
127.2	16.8946	0.250975	1	0.6903
127.3	16.9293	0.521904	1	0.57811
127.4	17.0037	0.567691	1	0.252689
127.5	16.9846	0.0557769	1	0.0980203
127.6	16.989	-0.270142	1	0.105082
127.7	16.9828	0.0465132	1	0.108857
127.8	17.0086	0.348893	1	0.276089
127.9	16.9824	0.166983	1	0.123826
128	16.999	-0.657512	1	0.222136
128.1	16.9556	-0.239979	1	0.30657
128.2	16.9442	0.103558	1	0.354002
128.3	16.9932	0.925807	1	0.471223
128.4	16.9859	-0.713878	1	0.343227
128.5	16.9358	-0.208983	1	0.423357
128.6	16.982	1.03324	1	0.646002
128.7	16.9988	-1.2254	1	0.758078
128.8	16.9176	-0.62093	1	0.7075
128.9	16.8834	-0.013615	1	0.729075
129	16.9219	0.463338	1	0.595766
129.1	16.9902	1.04103	1	0.602968
129.2	16.9819	-0.801132	1	0.433915
129.3	16.9252	-0.427314	1	0.559066
129.4	16.8739	-0.625293	1	0.983833
129.5	16.8188	-0.385733	1	1.20705
129.6	16.7709	-0.32563	1	1.48518
129.7	16.766	0.183726	1	1.47922
129.8	16.7823	0.304149	1	1.40681
129.9	16.8297	0.748623	1	1.34449
130	16.9238	1.34253	1	1.37761
130.1	17.0457	0.32363	1	1.19607
130.2	16.9679	-1.31929	1	1.07086
130.3	16.8828	-0.463442	1	0.840098
130.4	16.8669	0.341386	1	0.890012
130.5	16.9462	1.11093	1	0.953523
130.6	17.0151	-0.319647	1	0.429666
130.7	16.9371	-0.51678	1	0.526553
130.8	16.9295	0.426416	1	0.531769
130.9	16.9986	0.841812	1	0.363361
131	16.9784	-0.251967	1	0.166837
131.1	16.984	0.101376	1	0.10513
131.2	16.9974	-0.437718	1	0.112089
131.3	16.9864	0.370636	1	0.153525
131.4	16.9893	0.099123	1	0.0717757
131.5	16.989	-0.247384	1	0.0994919
131.6	17.0027	0.367341	1	0.135193
131.7	16.966	-0.531191	1	0.353572
131.8	16.935	0.139648	1	0.415717
131.9	17.0061	0.442712	1	0.251536
132	16.9802	-0.161504	1	0.136867
132.1	17.0049	0.182578	1	0.138244
132.2	16.9978	-0.329163	1	0.0681848
132.3	16.9921	0.271295	1	0.0861453
132.4	16.9881	-0.506025	1	0.202542
132.5	16.9667	-0.0436587	1	0.20894
132.6	16.9816	0.289729	1	0.157107
132.7	16.9896	-0.525765	1	0.203185
132.8	16.9718	-0.00114526	1	0.176412
132.9	17.0036	0.681539	1	0.321902
133	16.9822	-0.687423	1	0.347322
133.1	16.9799	0.467451	1	0.23508
133.2	17.0095	-0.773709	1	0.536316
133.3	16.912	-0.909905	1	0.963695
133.4	16.8592	-0.0793512	1	0.883027
133.5	16.9126	1.088	1	1.13797
133.6	17.027	0.49718	1	0.798291
133.7	16.9788	-0.794009	1	0.447821
133.8	16.9317	-0.227403	1	0.452519
133.9	16.9429	0.244911	1	0.386793
134	16.996	0.680437	1	0.256691
134.1	17.013	-0.902555	1	0.73303
134.2	16.9127	-0.882703	1	0.935449
134.3	16.8388	-0.589333	1	1.18144
134.4	16.8093	0.18732	1	1.20955
134.5	16.8294	0.432786	1	1.15975
134.6	16.8948	0.977924	1	1.13552
134.7	17.0274	0.850117	1	1.04531
134.8	16.9864	-1.42732	1	1.10383
134.9	16.8671	-0.963984	1	1.29537
135	16.7904	-0.616647	1	1.50043
135.1	16.7613	-0.176934	1	1.50752
135.2	16.7649	0.284531	1	1.51004
135.3	16.8226	0.997419	1	1.60633
135.4	16.9324	1.21476	1	1.16047
135.5	17.0464	0.321992	1	1.21175
135.6	16.9781	-1.35275	1	1.05183
135.7	16.9013	-0.364327	1	0.683306
135.8	16.9041	0.287953	1	0.640855
135.9	16.9561	1.01664	1	0.79119
136	17.0452	0.00324167	1	1.1312
136.1	16.9907	-0.820476	0	0.336591
136.2	16.9198	-0.422826	0	0.0893907
136.3	16.8711	-0.748365	0	0.280025
136.4	16.824	-0.430016	0	0.0924567
136.5	16.7859	-0.396693	0	0.0786827
136.6	16.7315	-0.582392	0	0.16959
136.7	16.7006	-0.174248	0	0.0151812
136.8	16.683	0.00964384	0	4.65018e-05
136.9	16.6645	-0.375647	0	0.0705555
137	16.6433	0.169252	0	0.0143231
137.1	16.6837	0.461325	0	0.10641
137.2	16.7156	0.287526	0	0.0413357
137.3	16.7086	-0.251465	0	0.0316173
137.4	16.6725	-0.555074	0	0.154053
137.5	16.6043	-0.601807	0	0.181086
137.6	16.5754	-0.0562267	0	0.00158072
137.7	16.5783	0.123579	0	0.00763592
137.8	16.5703	-0.102294	0	0.00523204
137.9	16.5634	-0.271826	0	0.0369446
138	16.552	-0.0707003	0	0.00249927
138.1	16.5313	-0.203285	0	0.0206624
138.2	16.536	0.337724	0	0.0570286
138.3	16.5616	0.154732	0	0.0119711
138.4	16.5681	0.154688	0	0.0119642
138.5	16.5729	-0.021396	0	0.000228894
138.6	16.5374	-0.82285	0	0.338541
138.7	16.4594	-0.48334	0	0.116809
138.8	16.4107	-0.356951	0	0.0637072
138.9	16.3646	-0.458775	0	0.105237
139	16.2972	-0.799086	0	0.319269
139.1	16.2415	-0.399505	0	0.079802
139.2	16.2055	-0.2258	0	0.0254928
139.3	16.1736	-0.250073	0	0.0312684
139.4	16.1213	-0.703083	0	0.247163
139.5	16.0516	-0.50924	0	0.129663
139.6	16.0171	-0.117927	0	0.00695343
139.7	16.0083	0.177317	0	0.0157207
139.8	16.0298	0.202376	0	0.0204781
139.9	16.0536	0.385253	0	0.0742098
140	16.113	0.595762	0	0.177466
140.1	16.2115	1.29807	0	0.842493
140.2	16.3506	1.68109	0	1.41303
140.3	16.5099	1.40697	0	0.989789
140.4	16.6849	2.22791	0	2.4818
140.5	16.9031	1.88756	0	1.78144
140.6	17.1009	1.91631	0	1.83612
140.7	17.2504	1.01975	0	0.519949
140.8	17.3587	1.08502	0	0.588637
140.9	17.4461	0.685493	0	0.23495
141	17.5074	0.548639	0	0.150502
141.1	17.5696	0.551983	0	0.152343
141.2	17.6422	0.722947	0	0.261326
141.3	17.7024	0.312203	0	0.0487354
141.4	17.7345	0.229559	0	0.0263487
141.5	17.7907	0.670451	0	0.224752
141.6	17.8793	0.588513	0	0.173174
141.7	17.9092	0.382294	0	0.0730745
141.8	17.9278	-0.222583	0	0.0247715
141.9	17.9087	-0.126252	0	0.00796974
142	17.885	-0.394106	0	0.0776597
142.1	17.8809	0.157289	0	0.0123698
142.2	17.9121	0.323891	0	0.0524527
142.3	17.9444	0.635222	0	0.201753
142.4	18.0131	0.633106	0	0.200412
142.5	18.0788	0.631947	0	0.199678
142.6	18.1383	0.3423	0	0.0585845
142.7	18.1724	0.26141	0	0.0341676
142.8	18.175	-0.107545	0	0.00578294
142.9	18.1436	-0.579698	0	0.168025
143	18.058	-0.975016	0	0.475328
143.1	17.952	-1.01928	0	0.519467
143.2	17.8561	-0.860697	0	0.3704
143.3	17.7816	-0.683632	0	0.233676
143.4	17.7461	-0.115327	0	0.00665014
143.5	17.7376	-0.134678	0	0.00906907
143.6	17.7059	-0.334256	0	0.0558635
143.7	17.6778	-0.433281	0	0.0938664
143.8	17.6225	-0.421784	0	0.0889507
143.9	17.5882	-0.252111	0	0.0317799
144	17.5553	-0.279777	0	0.0391377
144.1	17.4986	-0.703671	0	0.247576
144.2	17.4543	-0.220804	0	0.0243773
144.3	17.4425	-0.364654	0	0.0664862
144.4	17.4352	-0.10636	0	0.0056562
144.5	17.4233	0.142324	0	0.0101281
144.6	17.4049	-0.278663	0	0.0388265
144.7	17.4018	0.169733	0	0.0144046
144.8	17.4192	0.483494	0	0.116883
144.9	17.4703	0.501574	0	0.125788
145	17.501	0.362254	0	0.065614
145.1	17.5455	0.338658	0	0.0573446
145.2	17.5787	0.55975	0	0.15666
145.3	17.5991	0.0108919	0	5.93172e-05
145.4	17.5591	-1.00863	0	0.508667
145.5	17.4323	-1.38646	0	0.961133
145.6	17.3232	-0.770669	0	0.296965
145.7	17.2276	-1.20353	0	0.724242
145.8	17.1219	-1.32333	0	0.875607
145.9	16.9993	-1.18478	0	0.701852
146	16.8708	-1.15532	0	0.667381
146.1	16.7868	-0.795958	0	0.316775
146.2	16.6942	-0.996546	0	0.496552
146.3	16.619	-0.697234	0	0.243068
146.4	16.552	-0.839127	0	0.352067
146.5	16.4579	-1.27046	0	0.80703
146.6	16.345	-1.10531	0	0.61085
146.7	16.239	-1.01816	0	0.518329
146.8	16.1542	-0.937417	0	0.439376
146.9	16.0584	-0.724513	0	0.262459
147	15.9994	-0.571611	0	0.163369
147.1	15.921	-0.879215	0	0.38651
147.2	15.8081	-1.27711	0	0.815504
147.3	15.6878	-1.10184	0	0.607022
147.4	15.59	-0.822832	0	0.338526
147.5	15.5377	-0.400021	0	0.0800086
147.6	15.5246	0.177584	0	0.015768
147.7	15.551	0.19342	0	0.0187057
147.8	15.5748	-0.0135648	0	9.20016e-05
147.9	15.5747	0.137558	0	0.00946109
148	15.5955	0.0103418	0	5.34761e-05
148.1	15.5834	0.0338804	1	2.6041
148.2	15.5845	0.225711	1	2.62265
148.3	15.6558	1.22713	1	2.90431
148.4	15.8062	1.5198	1	2.36602
148.5	15.9845	2.12966	1	2.36456
148.6	16.0984	-0.158338	1	2.47194
148.7	15.9634	-1.83024	1	1.90392
148.8	15.8265	-1.20389	1	1.80911
148.9	15.7487	-0.512453	1	1.70169
149	15.7306	0.230124	1	1.70993
149.1	15.7856	0.69083	1	1.57878
149.2	15.8951	1.39352	1	1.62665
149.3	16.0393	0.654579	1	1.19698
149.4	15.9789	-1.21828	1	0.874103
149.5	15.8694	-0.829195	1	1.15995
149.6	15.8142	-0.349631	1	1.22231
149.7	15.8207	0.400679	1	1.20091
149.8	15.8785	0.968357	1	1.22845
149.9	15.9915	1.47973	1	1.14772
150	16.0334	-0.756547	1	1.12233
150.1	15.9184	-1.14709	1	1.16803
150.2	15.8769	0.364842	1	0.835773
150.3	15.9487	0.978376	1	0.799378
150.4	16.0311	-0.168819	1	0.791757
150.5	15.9527	-0.736595	1	0.566685
150.6	15.8642	-0.910559	1	1.26352
150.7	15.8089	-0.354552	1	1.2573
150.8	15.8112	0.491113	1	1.30067
150.9	15.8759	1.19203	1	1.48592
151	16.0245	1.4562	1	1.67259
151.1	16.0359	-1.11614	1	1.51919
151.2	15.8557	-1.83938	1	2.59337
151.3	15.6871	-1.53778	1	3.13792
151.4	15.5794	-0.462198	1	2.73527
151.5	15.5941	0.531725	1	2.67838
151.6	15.6635	0.829005	1	2.44695
151.7	15.7497	0.945578	1	2.01117
151.8	15.8711	1.36247	1	1.7341
151.9	16.0214	0.940368	1	0.976455
152	15.9891	-1.15322	1	0.732891
152.1	15.9145	-0.492623	1	0.655434
152.2	15.9226	0.598043	1	0.662492
152.3	16.0176	0.892362	1	0.839213
152.4	15.9804	-1.18723	1	0.827427
152.5	15.8913	-0.694835	1	0.920855
152.6	15.872	0.226671	1	0.825874
152.7	15.8786	0.307345	1	0.805851
152.8	15.9981	1.73674	1	1.51992
152.9	16.0649	-0.622167	1	1.81681
153	15.9307	-1.20182	1	1.15549
153.1	15.8525	-0.562783	1	1.07994
153.2	15.8002	-0.00302192	1	1.24887
153.3	15.8504	1.07464	1	1.51243
153.4	15.9901	1.74834	1	1.59002
153.5	16.073	-0.277633	1	1.86271
153.6	15.94	-1.81183	1	2.01659
153.7	15.7878	-1.26622	1	2.12782
153.8	15.7072	-0.45007	1	1.93155
153.9	15.6886	-0.00187903	1	1.94616
154	15.7257	0.548776	1	1.865
154.1	15.7999	0.823688	1	1.58998
154.2	15.954	2.17922	1	2.66191
154.3	16.1036	0.0440298	1	2.59128
154.4	15.9801	-1.89071	1	1.91202
154.5	15.8322	-1.11297	1	1.66784
154.6	15.7401	-0.462851	1	1.73166
154.7	15.7012	-0.362695	1	1.93356
154.8	15.6854	-0.184412	1	1.98297
154.9	15.6615	0.0363479	1	2.11618
155	15.7168	1.05716	1	2.32872
155.1	15.8461	1.67408	1	2.36303
155.2	16.033	1.67587	1	2.22808
155.3	16.0611	-1.03763	1	2.06505
155.4	15.9058	-1.33829	1	1.48449
155.5	15.8323	-0.499546	1	1.17268
155.6	15.8078	0.299688	1	1.24638
155.7	15.9073	1.65378	1	1.94662
155.8	16.0655	0.481976	1	1.7527
155.9	15.9926	-1.73127	1	1.54509
156	15.8487	-1.28006	1	1.76465
156.1	15.7666	-0.61454	1	1.64753
156.2	15.7763	0.466919	1	1.50693
156.3	15.8545	0.920596	1	1.33292
156.4	15.9933	1.90517	1	1.85651
156.5	16.0467	-0.854382	1	1.53255
156.6	15.9021	-1.25034	1	1.39333
156.7	15.7867	-1.05699	1	1.89161
156.8	15.6986	-0.676154	1	2.11234
156.9	15.6726	-0.00629126	1	2.04632
157	15.6933	0.537596	1	2.06136
157.1	15.7763	1.12114	1	2.02678
157.2	15.8766	0.947423	1	1.21983
157.3	16.01	1.36922	1	1.18813
157.4	16.0222	-1.14564	1	1.21229
157.5	15.9063	-0.703894	1	0.833297
157.6	15.8668	-0.184233	1	0.849411
157.7	15.9003	0.826599	1	0.964991
157.8	16.0133	1.02834	1	0.862218
157.9	15.9879	-1.30223	1	0.923658
158	15.8846	-0.677312	1	0.950561
158.1	15.8446	-0.402263	1	1.05192
158.2	15.8371	0.340138	1	1.07603
158.3	15.8819	0.709435	1	0.989525
158.4	15.979	1.17582	1	0.822294
158.5	16.0085	-1.03304	1	0.745942
158.6	15.9042	-0.95706	1	1.05645
158.7	15.8488	-0.0960953	1	0.949597
158.8	15.8685	0.546841	1	0.971099
158.9	15.9555	1.20149	1	1.00012
159	16.0404	-0.284679	1	1.0497
159.1	15.9174	-1.24714	1	1.29398
159.2	15.8292	-0.541251	1	1.21385
159.3	15.8056	0.31926	1	1.26579
159.4	15.8922	1.17223	1	1.36071
159.5	16.0194	0.562342	1	0.644355
159.6	15.9699	-0.559842	1	0.344962
159.7	15.9418	0.146679	1	0.374719
159.8	15.9924	0.888714	1	0.442625
159.9	15.9906	0.0936918	1	0.0631624
160	15.9991	-0.309595	1	0.0536624
160.1	15.997	0.352949	1	0.0812599
160.2	15.9957	0.385594	1	0.101421
160.3	15.978	-0.599708	1	0.317054
160.4	15.9239	-0.408096	1	0.558731
160.5	15.9376	0.568603	1	0.55138
160.6	16.0039	0.630419	1	0.295114
160.7	15.9834	-0.0800568	1	0.107122
160.8	15.9926	0.374273	1	0.116098
160.9	15.9809	-0.85331	1	0.483666
161	15.9194	-0.276366	1	0.542051
161.1	15.9422	0.441594	1	0.458953
161.2	16.0223	0.321151	1	0.608054
161.3	15.9548	-0.876876	1	0.667261
161.4	15.873	-0.682307	1	1.0265
161.5	15.8342	-0.0219372	1	1.03635
161.6	15.8472	0.309426	1	1.00312
161.7	15.9116	0.978521	1	1.03113
161.8	16.0168	0.581902	1	0.59052
161.9	15.9673	-0.824059	1	0.543917
162	15.883	-0.905429	1	1.14131
162.1	15.8024	-0.700879	1	1.48073
162.2	15.8085	0.52146	1	1.333
162.3	15.9049	1.43655	1	1.62623
162.4	16.0445	0.721179	1	1.37287
162.5	15.9951	-1.42986	1	1.05266
162.6	15.8948	-0.763574	1	0.94879
162.7	15.8392	-0.432806	1	1.09889
162.8	15.8206	0.276954	1	1.15939
162.9	15.865	0.449407	1	0.944864
163	15.9333	1.07543	1	0.994958
163.1	16.0319	0.246128	1	0.827053
163.2	15.9793	-1.03622	1	0.666477
163.3	15.9455	0.411461	1	0.425443
163.4	16.0115	0.152952	1	0.298199
163.5	15.9716	-0.241839	1	0.206977
163.6	15.988	0.44515	1	0.174364
163.7	15.9891	-0.106612	1	0.0737138
163.8	16.0002	-0.432319	1	0.0988068
163.9	15.9769	-0.273611	1	0.181991
164	15.9883	0.538111	1	0.218005
164.1	15.9862	-0.543479	1	0.234112
164.2	15.9416	-0.174141	1	0.380031
164.3	15.9409	0.0518876	1	0.370888
164.4	15.9696	0.402114	1	0.270718
164.5	16.0003	-0.662085	1	0.226521
164.6	15.9421	-0.347006	1	0.421919
164.7	15.936	0.272452	1	0.437107
164.8	15.9822	0.500106	1	0.236334
164.9	15.9929	-0.772673	1	0.342605
165	15.9452	-0.0780133	1	0.345298
165.1	15.9549	0.438983	1	0.378229
165.2	16.0231	-0.150508	1	0.588571
165.3	15.9284	-0.758502	1	0.734994
165.4	15.8612	-0.508921	1	0.996918
165.5	15.8527	0.117283	1	0.927591
165.6	15.919	1.08062	1	1.09032
165.7	16.0286	0.739175	1	0.987169
165.8	15.9738	-1.05957	1	0.724807
165.9	15.889	-0.630024	1	0.89232
166	15.8461	-0.193911	1	0.980535
166.1	15.8613	0.790839	1	1.17966
166.2	15.9635	1.23043	1	0.984903
166.3	16.0407	-0.161243	1	1.03
166.4	15.9589	-0.89952	1	0.661313
166.5	15.8895	-0.349756	1	0.75159
166.6	15.8797	0.565452	1	0.911883
166.7	15.9828	1.7629	1	1.6616
166.8	16.0472	-0.695349	1	1.42099
166.9	15.8944	-1.73791	1	2.17024
167	15.7775	-0.641755	1	1.59636
167.1	15.7299	-0.276822	1	1.72631
167.2	15.7282	0.131975	1	1.70775
167.3	15.7607	0.43843	1	1.59193
167.4	15.8332	1.17355	1	1.73099
167.5	15.9943	1.8743	1	1.79228
167.6	16.0649	-0.480004	1	1.73667
167.7	15.9537	-1.45919	1	1.35407
167.8	15.8197	-1.06114	1	1.69014
167.9	15.751	-0.28096	1	1.59577
168	15.7336	-0.0727613	1	1.6677
168.1	15.7695	0.659087	1	1.65779
168.2	15.8615	1.24871	1	1.64505
168.3	16.0064	1.56416	1	1.38269
168.4	16.0176	-1.45703	1	1.5025
168.5	15.8628	-1.42877	1	1.87791
168.6	15.7286	-1.19288	1	2.4078
168.7	15.6572	-0.482801	1	2.25875
168.8	15.6349	0.00889027	1	2.28199
168.9	15.6856	1.06968	1	2.53687
169	15.8034	1.35264	1	2.1433
169.1	15.9319	1.31845	1	1.29464
169.2	16.0594	0.438425	1	1.58224
169.3	15.9783	-1.65283	1	1.50173
169.4	15.8832	-0.459566	1	0.835396
169.5	15.8478	0.0910036	1	0.955491
169.6	15.9099	0.849742	1	0.924047
169.7	16.0272	0.708756	1	0.930327
169.8	16.0054	-1.22064	1	0.880356
169.9	15.9096	-0.615297	1	0.754152
170	15.8854	-0.141799	1	0.726189
170.1	15.886	0.311532	1	0.761168
170.2	15.9248	0.692985	1	0.71017
170.3	16.0099	0.881444	1	0.637197
170.4	15.9691	-0.872261	1	0.573809
170.5	15.8775	-0.579117	1	0.933228
170.6	15.8283	-0.191858	1	1.09125
170.7	15.8579	0.935536	1	1.32591
170.8	15.9661	0.939935	1	0.653585
170.9	16.0222	-0.312314	1	0.604129
171	15.9302	-0.752302	1	0.719366
171.1	15.9087	0.135294	1	0.579604
171.2	15.9679	1.16436	1	0.878767
171.3	15.9997	-1.07443	1	0.57913
171.4	15.9306	-0.456262	1	0.537635
171.5	15.9066	-0.248163	1	0.614551
171.6	15.9089	0.536208	1	0.713188
171.7	16.0003	0.896928	1	0.408499
171.8	15.9733	-0.634575	1	0.368048
171.9	15.9033	-0.325754	1	0.657346
172	15.9117	0.163499	1	0.565438
172.1	15.9496	0.729208	1	0.581009
172.2	16.0104	-0.54685	1	0.410103
172.3	15.9467	-0.370602	1	0.401817
172.4	15.9729	0.795407	1	0.485954
172.5	16.0049	-0.805458	1	0.447318
172.6	15.9393	-0.386727	1	0.454009
172.7	15.9642	0.916601	1	0.643925
172.8	16.0278	-0.45009	1	0.795554
172.9	15.9389	-0.48783	1	0.500564
173	15.9268	0.290606	1	0.499689
173.1	15.9779	0.60968	0	0.185855
173.2	16.0429	0.891584	0	0.397461
173.3	16.146	1.29135	0	0.833796
173.4	16.267	1.16529	0	0.678948
173.5	16.3706	0.788739	0	0.311055
173.6	16.4593	0.933177	0	0.43541
173.7	16.5579	0.935199	0	0.437299
173.8	16.6425	0.861752	0	0.371308
173.9	16.7075	0.410556	0	0.084278
174	16.7598	0.745529	0	0.277906
174.1	16.7985	0.0310814	0	0.000483027
174.2	16.8296	0.203114	0	0.0206276
174.3	16.8631	0.195947	0	0.0191976
174.4	16.8601	-0.0951474	0	0.00452652
174.5	16.8287	-0.435301	0	0.0947434
174.6	16.7978	-0.260127	0	0.0338331
174.7	16.7595	-0.193755	0	0.0187706
174.8	16.712	-0.473557	0	0.112128
174.9	16.6523	-0.769716	0	0.296231
175	16.5779	-0.655042	0	0.21454
175.1	16.5122	-0.739613	0	0.273514
175.2	16.4443	-0.499926	0	0.124963
175.3	16.3818	-0.477295	0	0.113905
175.4	16.3785	-0.0807866	0	0.00326324
175.5	16.376	0.00422482	0	8.92456e-06
175.6	16.3848	0.00899317	0	4.04385e-05
175.7	16.3893	-0.00294186	0	4.32728e-06
175.8	16.3918	0.218402	0	0.0238498
175.9	16.4089	0.32498	0	0.0528062
176	16.4382	0.371759	0	0.0691023
176.1	16.4904	0.635689	0	0.20205
176.2	16.5375	0.418364	0	0.0875142
176.3	16.5873	0.585009	0	0.171118
176.4	16.6378	0.457392	0	0.104604
176.5	16.7012	0.753671	0	0.28401
176.6	16.7806	0.684702	0	0.234408
176.7	16.826	0.353259	0	0.0623958
176.8	16.8896	0.880762	0	0.387871
176.9	16.9935	1.17212	0	0.686933
177	17.1139	1.41023	0	0.994372
177.1	17.2418	0.989206	0	0.489264
177.2	17.3126	0.63155	0	0.199428
177.3	17.3623	0.222364	0	0.0247229
177.4	17.3904	0.349831	0	0.061191
177.5	17.4186	0.0330227	0	0.000545251
177.6	17.4236	-0.160603	0	0.0128967
177.7	17.3896	-0.380838	0	0.0725187
177.8	17.35	-0.392401	0	0.0769893
177.9	17.3117	-0.252367	0	0.0318444
178	17.2917	-0.0178631	0	0.000159545
178.1	17.3244	0.507088	0	0.128569
178.2	17.4042	1.07698	0	0.579944
178.3	17.5305	1.31484	0	0.864405
178.4	17.687	1.72842	0	1.49371
178.5	17.8282	1.39674	0	0.975444
178.6	17.9711	1.39533	0	0.973479
178.7	18.0977	1.27063	0	0.807246
178.8	18.2196	1.13339	0	0.642282
178.9	18.3094	0.989838	0	0.489889
179	18.403	0.99096	0	0.491001
179.1	18.5052	1.42659	0	1.01758
179.2	18.6412	1.08147	0	0.584789
179.3	18.722	0.91921	0	0.422474
179.4	18.7967	0.641928	0	0.206036
179.5	18.88	0.971419	0	0.471827
179.6	18.9676	0.888346	0	0.394579
179.7	19.0059	0.261354	0	0.0341529
179.8	19.0072	-0.00463485	0	1.07409e-05
179.9	19.0251	0.465979	0	0.108568
180	19.0881	0.566891	0	0.160683
180.1	19.1198	0.227508	0	0.02588
180.2	19.1574	0.632188	0	0.199831
180.3	19.2329	0.639279	0	0.204339
180.4	19.3087	0.738	0	0.272322
180.5	19.4083	0.988643	0	0.488708
180.6	19.5025	1.08989	0	0.593931
180.7	19.6051	1.13748	0	0.646936
180.8	19.7397	1.60399	0	1.2864
180.9	19.9116	1.70262	0	1.44945
181	20.0696	1.53417	0	1.17684
181.1	20.224	1.42089	0	1.00947
181.2	20.3504	1.06836	0	0.570694
181.3	20.4383	0.827544	0	0.342414
181.4	20.5285	0.699924	0	0.244947
181.5	20.6097	0.972723	0	0.473096
181.6	20.7034	0.877617	0	0.385106
181.7	20.7903	1.10998	0	0.616033
181.8	20.8876	1.07846	0	0.581537
181.9	21.023	1.33964	0	0.897324
182	21.1555	1.25063	0	0.782033
182.1	21.2911	1.61301	0	1.3009
182.2	21.4483	1.38768	0	0.962826
182.3	21.603	1.89165	0	1.78918
182.4	21.7458	1.08459	0	0.588172
182.5	21.8511	0.934253	0	0.436414
182.6	21.9472	0.941738	0	0.443435
182.7	22.0358	0.859549	0	0.369413
182.8	22.1083	0.465153	0	0.108183
182.9	22.1565	0.429036	0	0.0920358
183	22.2075	0.718777	0	0.25832
183.1	22.2542	0.30486	0	0.0464698
183.2	22.258	-0.161053	0	0.0129691
183.3	22.2457	-0.210218	0	0.0220958
183.4	22.2128	-0.274905	0	0.0377864
183.5	22.1812	-0.335217	0	0.0561853
183.6	22.1741	-0.0710101	0	0.00252121
183.7	22.1797	-0.230058	0	0.0264633
183.8	22.1568	-0.0339663	0	0.000576855
183.9	22.1643	0.159159	0	0.0126658
184	22.2012	0.761962	0	0.290293
184.1	22.2808	0.989839	0	0.489891
184.2	22.3709	0.794994	0	0.316008
184.3	22.467	0.732087	0	0.267976
184.4	22.5231	0.723338	0	0.261609
184.5	22.5931	0.743484	0	0.276384
184.6	22.662	0.697901	0	0.243533
184.7	22.7115	0.445128	0	0.0990696
184.8	22.7504	0.422844	0	0.0893985
184.9	22.8136	0.868685	0	0.377307
185	22.8915	0.677604	0	0.229574
185.1	22.9844	1.10714	1	0.710084
185.2	22.995	-1.41646	1	1.0342
185.3	22.8662	-1.03203	1	1.3689
185.4	22.815	-0.0764108	1	1.15931
185.5	22.8589	0.864854	1	1.25585
185.6	22.994	1.73035	1	1.53454
185.7	23.0314	-0.921747	1	1.21059
185.8	22.9188	-0.750846	1	0.789489
185.9	22.8742	-0.134648	1	0.795206
186	22.8754	0.569823	1	0.941295
186.1	22.9808	1.45463	1	1.17808
186.2	23.0285	-0.764294	1	1.00541
186.3	22.9043	-0.839818	1	0.950642
186.4	22.8621	0.0268507	1	0.86236
186.5	22.8946	0.459924	1	0.764554
186.6	22.9526	1.02563	1	0.822164
186.7	23.0103	-0.62405	1	0.45106
186.8	22.9408	-0.0420157	1	0.370962
186.9	22.996	0.928614	1	0.456335
187	22.9794	-0.864761	1	0.50281
187.1	22.9397	0.132663	1	0.385366
187.2	22.9601	0.360064	1	0.31399
187.3	23.0097	0.107673	1	0.249044
187.4	22.9645	-0.431772	1	0.314785
187.5	22.9722	0.573298	1	0.337777
187.6	22.9959	-0.735175	1	0.295704
187.7	22.9484	-0.0742655	1	0.325062
187.8	22.9751	0.574524	1	0.320742
187.9	23.0073	-0.630142	1	0.381823
188	22.9961	0.504451	1	0.151482
188.1	22.9825	-0.253135	1	0.141539
188.2	23.0068	0.0520393	1	0.172533
188.3	22.981	0.0916308	1	0.123124
188.4	23.0002	-0.468124	1	0.115532
188.5	22.975	-0.163545	1	0.169733
188.6	23.0104	0.164411	1	0.274085
188.7	22.9632	-0.695088	1	0.471535
188.8	22.9396	-0.174449	1	0.392984
188.9	22.9821	0.806418	1	0.4369
189	22.9815	-0.246702	1	0.146244
189.1	22.9735	0.257913	1	0.198623
189.2	22.9937	-0.755151	1	0.32433
189.3	22.9603	0.104779	1	0.253829
189.4	23.0312	0.243466	1	0.81004
189.5	22.9484	-1.19504	1	1.03678
189.6	22.8707	-0.495203	1	0.930486
189.7	22.8745	0.476474	1	0.898167
189.8	22.9204	0.395867	1	0.57556
189.9	22.9736	0.862234	1	0.536448
190	23.0202	-0.527887	1	0.644117
190.1	22.9601	0.0857554	1	0.252913
190.2	23.0013	0.560493	1	0.190235
190.3	22.9848	-0.145074	1	0.105685
190.4	23.0128	0.0640108	1	0.322538
190.5	22.9679	-0.20203	1	0.221066
190.6	22.9877	0.607758	1	0.261711
190.7	22.9814	-0.897033	1	0.518273
190.8	22.9092	-0.43943	1	0.664081
190.9	22.9136	0.582107	1	0.709501
191	22.978	0.806654	1	0.462921
191.1	23.0289	-0.483295	1	0.839096
191.2	22.9145	-0.984657	1	1.01917
191.3	22.8626	-0.166175	1	0.872506
191.4	22.8697	0.304935	1	0.861148
191.5	22.9058	0.412706	1	0.67402
191.6	22.9851	0.983484	1	0.576554
191.7	22.9952	-1.09859	1	0.633396
191.8	22.905	-0.773534	1	0.892912
191.9	22.8224	-0.751265	1	1.39237
192	22.7593	-0.484884	1	1.62223
192.1	22.755	0.283654	1	1.57128
192.2	22.8273	0.98521	1	1.56464
192.3	22.9613	1.37418	1	1.18593
192.4	23.0475	-0.129249	1	1.19519
192.5	22.9465	-0.942957	1	0.778738
192.6	22.8965	-0.139428	1	0.656316
192.7	22.9033	0.352454	1	0.666306
192.8	22.9322	0.276088	1	0.462166
192.9	23.0207	1.14222	1	1.17088
193	22.9927	-1.53806	1	1.22841
193.1	22.8698	-0.691616	1	1.0531
193.2	22.8169	-0.207272	1	1.16582
193.3	22.873	0.995471	1	1.28945
193.4	22.9936	1.3917	1	1.00851
193.5	23.0012	-0.920654	1	0.452898
193.6	22.9484	-0.130951	1	0.331133
193.7	22.9749	0.51269	1	0.288159
193.8	23.004	-0.749894	1	0.382244
193.9	22.9485	-0.188986	1	0.339466
194	22.971	0.462249	1	0.288171
194.1	23.0065	-0.791904	1	0.476262
194.2	22.9397	-0.56676	1	0.537539
194.3	22.9026	-0.18581	1	0.626046
194.4	22.9071	0.454992	1	0.684339
194.5	23.0041	1.47551	1	1.1921
194.6	23.0127	-1.461	1	1.38412
194.7	22.905	-0.685233	1	0.828219
194.8	22.8423	-0.485346	1	1.10358
194.9	22.8059	-0.0138808	1	1.21323
195	22.8421	0.283786	1	1.02731
195.1	22.9089	0.853395	1	0.933632
195.2	23.0269	1.05711	1	1.23183
195.3	23.0011	-1.46434	1	1.10019
195.4	22.8766	-1.13463	1	1.41509
195.5	22.7961	-0.580865	1	1.44304
195.6	22.7512	-0.115363	1	1.5617
195.7	22.7639	0.203041	1	1.49604
195.8	22.83	1.2913	1	1.89633
195.9	22.991	1.92228	1	1.90387
196	23.0626	-0.498201	1	1.68872
196.1	22.9333	-1.49757	1	1.53825
196.2	22.8065	-0.919578	1	1.63235
196.3	22.7315	-0.465466	1	1.78627
196.4	22.6962	-0.194243	1	1.91768
196.5	22.7287	0.491578	1	1.81658
196.6	22.8111	0.973986	1	1.65469
196.7	22.9255	1.179	1	1.1605
196.8	23.0464	0.636615	1	1.36282
196.9	22.9696	-2.00278	1	2.19547
197	22.7973	-1.43098	1	2.29085
197.1	22.6774	-0.743183	1	2.2921
197.2	22.624	-0.456241	1	2.45409
197.3	22.6295	0.514636	1	2.44814
197.4	22.6979	0.866996	1	2.26419
197.5	22.8192	1.51369	1	2.27585
197.6	23.0215	2.35479	1	3.30982
197.7	23.1576	0.271198	1	3.97581
197.8	23.0524	-2.47289	1	4.36734
197.9	22.7547	-2.96456	1	5.92769
198	22.5254	-1.68086	1	4.37881
198.1	22.4018	-0.712483	1	3.99282
198.2	22.3168	-0.972807	1	4.7433
198.3	22.2367	-0.802077	1	5.09199
198.4	22.157	-1.50904	1	5.06315
198.5	21.9148	-2.59448	1	3.89822
198.6	21.6926	-2.11006	1	4.14768
198.7	21.5126	-1.53617	1	4.22585
198.8	21.4035	-0.750126	1	4.00932
198.9	21.3651	-0.0451409	1	3.96906
199	21.4188	1.03438	1	4.16733
199.1	21.5399	1.28987	1	3.70747
199.2	21.7092	1.9458	1	3.71027
199.3	21.9473	2.73042	1	4.05692
199.4	22.1489	0.913442	1	4.14
199.5	22.1072	-1.61978	1	3.99227
199.6	21.8693	-2.56634	1	4.10975
199.7	21.6434	-1.93097	1	4.09312
199.8	21.4832	-1.39297	1	4.20037
199.9	21.3803	-0.708515	1	4.12435
200	21.3376	-0.271317	1	4.1765
